0;52.19289017;20.99573135;2.31564
1;52.19289017;20.99573135;4.876180000000001
2;52.19289017;20.99573135;6.24184
3;52.19289653;20.99574089;6.962949999999999
4;52.19289653;20.99574089;7.45628
5;52.19290924;20.99574725;7.46177
6;52.19290924;20.99574725;7.5133199999999984
7;52.19292831;20.99575043;7.47894
8;52.19294739;20.99575679;7.0852
9;52.19294739;20.99575679;6.60007
10;52.19295375;20.99575679;6.14262
11;52.19295375;20.99576314;5.46331
12;52.1929601;20.9957695;4.8672
13;52.19296646;20.99577268;3.54022
14;52.19296646;20.99577268;2.46598
15;52.19297918;20.99577586;1.775
16;52.19297918;20.99577586;3.9750299999999994
17;52.19299189;20.99577904;7.723859999999999
18;52.19299825;20.9957854;10.71849
19;52.19302368;20.99578857;12.5275
20;52.19304276;20.99579811;13.01618
21;52.19306819;20.99580447;12.559550000000002
22;52.19309362;20.99580765;11.88923
23;52.19309362;20.99580765;11.253260000000001
24;52.19313812;20.99582036;10.601709999999999
25;52.19316355;20.99582672;10.75991
26;52.19316355;20.99582672;12.42244
27;52.19322077;20.99584262;12.519679999999997
28;52.19324621;20.99584897;11.80132
29;52.19327164;20.99585851;11.0732
30;52.19329707;20.99587123;10.14661
31;52.19331614;20.99587758;9.720780000000001
32;52.19331614;20.99587758;9.12624
33;52.19335429;20.9958903;7.61842
34;52.193367;20.99589348;5.10819
35;52.19337336;20.99589984;3.0703
36;52.19338608;20.99590302;0.30703
37;52.19339244;20.99590302;0.0
38;52.19339244;20.99590302;0.0
39;52.19339879;20.99590302;0.0
40;52.19340515;20.99590302;0.0
41;52.19341787;20.99590302;0.0
42;52.19342422;20.99590302;0.0
43;52.19342422;20.99590302;0.0
44;52.19343058;20.99590302;0.0
45;52.19343058;20.99590302;0.0
46;52.19343058;20.99590302;0.0
47;52.1934433;20.99590302;0.0
48;52.1934433;20.99590302;0.0
49;52.19344966;20.99590302;0.0
50;52.19344966;20.99590302;0.0
51;52.19344966;20.99590302;0.0
52;52.19345601;20.99590302;0.0
53;52.19345601;20.99590302;0.0
54;52.19345601;20.99590302;0.0
55;52.19345601;20.99589984;0.0
56;52.19345601;20.99590302;0.0
57;52.19345601;20.99589984;0.0
58;52.19345601;20.99589984;0.0
59;52.19345601;20.99589984;0.0
60;52.19345601;20.99589984;0.0
61;52.19345601;20.99589984;0.0
62;52.19345601;20.99589984;0.0
63;52.19345601;20.99590302;0.0
64;52.19345601;20.99589984;0.0
65;52.19344966;20.99589984;0.0
66;52.19344966;20.99589984;0.0
67;52.19344966;20.99589984;0.0
68;52.19344966;20.99589984;0.0
69;52.19344966;20.99590302;0.0
70;52.19344966;20.99590302;0.0
71;52.19344966;20.99590302;0.0
72;52.19344966;20.99590302;0.0
73;52.19344966;20.99590302;0.0
74;52.19344966;20.99590302;0.0
75;52.19344966;20.99590302;0.0
76;52.19344966;20.99590302;0.0
77;52.1934433;20.99590302;0.0
78;52.1934433;20.99590302;0.0
79;52.1934433;20.99590302;0.0
80;52.1934433;20.99590302;0.0
81;52.1934433;20.99590302;0.0
82;52.1934433;20.99590302;0.0
83;52.1934433;20.99590302;0.0
84;52.1934433;20.99590302;0.0
85;52.1934433;20.99590302;0.0
86;52.1934433;20.99590302;0.0
87;52.1934433;20.99590302;0.0
88;52.1934433;20.99590302;0.0
89;52.1934433;20.99590302;0.0
90;52.1934433;20.99590302;0.0
91;52.1934433;20.99590302;0.0
92;52.1934433;20.99590302;0.0
93;52.1934433;20.99589984;0.0
94;52.1934433;20.99589984;0.0
95;52.1934433;20.99589984;0.0
96;52.1934433;20.99589984;0.0
97;52.1934433;20.99589348;0.0
98;52.1934433;20.99589348;0.0
99;52.1934433;20.99589348;0.0
100;52.1934433;20.99589348;0.0
101;52.1934433;20.99589348;0.0
102;52.1934433;20.99589348;0.0
103;52.1934433;20.99589348;0.0
104;52.1934433;20.99589348;0.0
105;52.19344966;20.99589348;0.0
106;52.19344966;20.99589348;0.0
107;52.19344966;20.99589348;0.0
108;52.19344966;20.99589348;0.0
109;52.19344966;20.99589348;0.0
110;52.19345601;20.99589348;0.0
111;52.19345601;20.99589348;0.0
112;52.19345601;20.99589348;0.0
113;52.19345601;20.99589348;0.0
114;52.19345601;20.99589348;0.0
115;52.19346237;20.99589348;0.0
116;52.19346237;20.99589348;0.0
117;52.19346237;20.99589348;0.0
118;52.19346237;20.99589348;0.0
119;52.19347509;20.99589348;0.0
120;52.19347509;20.99589348;0.0
121;52.19347509;20.99589348;0.0
122;52.19347509;20.99589348;0.0
123;52.19347509;20.99589348;0.0
124;52.19347509;20.99589348;0.0
125;52.19347509;20.99589348;0.0
126;52.19348145;20.99589348;0.0
127;52.19348145;20.99589348;0.0
128;52.19348145;20.99589348;0.0
129;52.19348145;20.99589348;0.0
130;52.19348145;20.99589348;0.0
131;52.19348145;20.99589348;0.0
132;52.1934878;20.99589348;0.0
133;52.19350052;20.99589348;0.0
134;52.19350052;20.99589348;0.0
135;52.19350052;20.99589348;0.0
136;52.19350052;20.99589348;0.0
137;52.19350052;20.99589348;0.0
138;52.19350052;20.99589348;0.0
139;52.19350052;20.9958903;0.0
140;52.19350052;20.9958903;0.0
141;52.19350052;20.9958903;0.0
142;52.19350052;20.9958903;0.0
143;52.19350052;20.9958903;0.0
144;52.19350052;20.9958903;0.0
145;52.19350688;20.9958903;0.0
146;52.19350688;20.9958903;0.0
147;52.19350688;20.9958903;0.0
148;52.19350688;20.9958903;0.0
149;52.19351323;20.99588712;0.0
150;52.19351323;20.99588712;0.0
151;52.19351323;20.99588712;0.0
152;52.19351323;20.99588712;0.0
153;52.19351323;20.99588712;0.0
154;52.19351959;20.99588712;0.0
155;52.19351959;20.99588712;0.0
156;52.19351959;20.99588712;0.0
157;52.19351959;20.99588712;0.0
158;52.19351959;20.99588076;0.0
159;52.19351959;20.99588076;0.0
160;52.19351959;20.99588076;0.0
161;52.19351959;20.99588076;0.0
162;52.19351959;20.99588076;0.0
163;52.19351959;20.99588076;0.0
164;52.19351959;20.99588076;0.0
165;52.19351959;20.99588076;0.0
166;52.19353231;20.99588076;0.0
167;52.19353231;20.99588076;0.0
168;52.19353231;20.99588076;0.0
169;52.19353867;20.99588076;0.0
170;52.19353867;20.99588076;0.0
171;52.19353867;20.99588076;0.0
172;52.19353867;20.99588076;0.0
173;52.19353867;20.99588076;0.0
174;52.19353867;20.99588712;0.0
175;52.19354502;20.99588076;0.0
176;52.19355774;20.99588076;0.0
177;52.19355774;20.99588076;0.0
178;52.19355774;20.99588076;0.0
179;52.19355774;20.99588076;0.0
180;52.19355774;20.99588076;0.0
181;52.19355774;20.99588076;0.0
182;52.19355774;20.99588076;0.0
183;52.19355774;20.99588076;0.0
184;52.19355774;20.99588712;0.0
185;52.19355774;20.99588712;0.0
186;52.19354502;20.99588712;0.0
187;52.19354502;20.9958903;0.0
188;52.19354502;20.9958903;0.0
189;52.19354502;20.9958903;0.0
190;52.19354502;20.9958903;0.0
191;52.19353867;20.99589348;0.0
192;52.19353867;20.99589348;0.0
193;52.19353867;20.99589348;0.0
194;52.19353867;20.99589348;0.0
195;52.19353867;20.99589348;0.0
196;52.19353867;20.99589348;0.0
197;52.19353867;20.99589348;0.0
198;52.19353867;20.99589348;0.0
199;52.19353231;20.99589348;0.0
200;52.19353231;20.99589348;0.0
201;52.19353231;20.99589348;0.0
202;52.19351959;20.99589348;0.0
203;52.19351959;20.99589348;0.0
204;52.19351959;20.99589348;0.0
205;52.19351959;20.99589348;0.0
206;52.19351959;20.99589348;0.0
207;52.19351959;20.9958903;0.0
208;52.19351959;20.9958903;0.0
209;52.19351959;20.9958903;0.0
210;52.19351323;20.99589348;0.0
211;52.19351323;20.99589348;0.0
212;52.19351323;20.99589348;0.0
213;52.19351323;20.99589348;0.0
214;52.19351323;20.99589348;0.0
215;52.19351323;20.99589348;0.0
216;52.19351323;20.99589348;0.0
217;52.19351323;20.99589348;0.0
218;52.19351323;20.99589348;0.0
219;52.19351323;20.99589348;0.0
220;52.19351959;20.99589348;0.0
221;52.19351959;20.99589984;0.0
222;52.19351959;20.99589984;0.0
223;52.19351959;20.99589984;0.0
224;52.19351959;20.99590302;0.0
225;52.19351959;20.99590302;0.0
226;52.19351959;20.99590302;0.0
227;52.19351959;20.99590302;0.0
228;52.19351959;20.99590302;0.0
229;52.19353231;20.99590302;0.0
230;52.19353231;20.99590302;0.0
231;52.19353231;20.99590302;0.0
232;52.19353231;20.99590302;0.0
233;52.19353231;20.99590302;0.0
234;52.19353231;20.99590302;0.0
235;52.19353231;20.99590302;0.0
236;52.19353231;20.99590302;0.0
237;52.19353231;20.99590302;0.0
238;52.19353231;20.99590302;0.0
239;52.19353231;20.99590302;0.0
240;52.19353231;20.99590302;0.0
241;52.19353231;20.99590302;0.0
242;52.19353231;20.99590302;0.0
243;52.19353231;20.99589984;0.0
244;52.19353231;20.99590302;0.0
245;52.19353231;20.99590302;0.0
246;52.19353231;20.99590302;0.0
247;52.19353231;20.99590302;0.0
248;52.19353231;20.99590302;0.0
249;52.19353231;20.99590302;0.0
250;52.19353231;20.99590302;0.0
251;52.19353231;20.99589984;0.0
252;52.19353231;20.99589984;0.0
253;52.19351959;20.99589984;0.0
254;52.19351959;20.99589984;0.0
255;52.19351959;20.99589984;0.0
256;52.19351959;20.99589984;0.0
257;52.19351959;20.99589984;0.0
258;52.19351959;20.99589984;0.0
259;52.19351959;20.99589984;0.0
260;52.19351959;20.99589348;0.0
261;52.19351323;20.99589348;0.0
262;52.19351323;20.99589348;0.0
263;52.19351323;20.99589348;0.0
264;52.19351323;20.99589348;0.0
265;52.19351323;20.99589984;0.0
266;52.19351323;20.99589984;0.0
267;52.19351323;20.99589984;0.0
268;52.19351323;20.99589984;0.0
269;52.19351323;20.99589984;0.0
270;52.19351323;20.99589984;0.0
271;52.19350688;20.99589984;0.0
272;52.19350688;20.99589984;0.0
273;52.19350688;20.99589984;0.0
274;52.19350688;20.99590302;0.0
275;52.19350688;20.99590302;0.0
276;52.19350688;20.99590302;0.0
277;52.19350052;20.99590302;0.0
278;52.19350052;20.99590302;0.0
279;52.19350052;20.99590619;0.0
280;52.19350052;20.99590619;0.0
281;52.19350052;20.99590619;0.0
282;52.19350052;20.99590937;0.0
283;52.19350052;20.99590937;0.0
284;52.19350052;20.99590937;0.0
285;52.19350052;20.99590937;0.0
286;52.1934878;20.99590937;0.0
287;52.1934878;20.99590937;0.0
288;52.1934878;20.99590937;0.0
289;52.1934878;20.99590937;0.0
290;52.1934878;20.99590937;0.0
291;52.1934878;20.99590937;0.0
292;52.1934878;20.99590937;0.0
293;52.1934878;20.99590937;0.0
294;52.19348145;20.99590937;0.0
295;52.19348145;20.99590937;0.0
296;52.1934878;20.99590937;0.3
297;52.1934878;20.99590937;0.0
298;52.1934878;20.99590937;0.0
299;52.1934878;20.99590937;0.0
300;52.1934878;20.99590937;0.0
301;52.1934878;20.99590937;0.0
302;52.1934878;20.99590937;0.0
303;52.1934878;20.99590937;0.0
304;52.1934878;20.99590937;0.0
305;52.1934878;20.99590937;0.0
306;52.1934878;20.99590937;0.0
307;52.1934878;20.99590937;0.0
308;52.19350052;20.99590937;0.0
309;52.19350052;20.99590937;0.0
310;52.19350052;20.99590937;0.0
311;52.19350052;20.99590937;0.0
312;52.19350052;20.99590937;0.0
313;52.19350052;20.99590937;0.0
314;52.19350052;20.99590937;0.0
315;52.19350688;20.99590937;0.0
316;52.19350688;20.99590619;0.0
317;52.19350688;20.99590619;0.0
318;52.19350688;20.99590619;3.5542900000000004
319;52.19351323;20.99590937;5.785959999999999
320;52.19351959;20.99591573;6.58914
321;52.19353231;20.99591891;7.561780000000001
322;52.19355774;20.99592845;7.27272
323;52.19355774;20.99592845;7.05474
324;52.19357045;20.99591891;6.42817
325;52.19358953;20.99590302;5.76684
326;52.19359589;20.99587123;5.39493
327;52.19359589;20.99583626;5.513309999999999
328;52.19359589;20.99580447;5.8797299999999995
329;52.19358953;20.99576314;6.19221
330;52.19353867;20.99570592;6.498099999999999
331;52.19353867;20.99570592;6.967219999999999
332;52.19350688;20.99569003;7.420719999999998
333;52.19344966;20.99567413;8.793830000000002
334;52.19344966;20.99567413;10.093480000000001
335;52.19339879;20.99568367;10.55092
336;52.19339879;20.99568367;10.45715
337;52.19335429;20.99570592;9.30398
338;52.19332886;20.99571546;7.891090000000001
339;52.19330343;20.995725;8.87546
340;52.19330343;20.995725;11.75912
341;52.19325256;20.99574725;13.751349999999999
342;52.19322077;20.99575679;15.274799999999999
343;52.19322077;20.99575679;17.26077
344;52.19313812;20.99574089;19.23735
345;52.19313812;20.99574089;21.39677
346;52.19304276;20.99570274;23.680770000000003
347;52.19298553;20.99568367;25.223369999999996
348;52.19292831;20.99566142;25.863220000000002
349;52.19292831;20.99566142;26.913639999999994
350;52.1927948;20.99562327;27.28433
351;52.19273122;20.99560102;27.36402
352;52.19273122;20.99560102;27.40855
353;52.19266129;20.99558512;27.39839
354;52.19252141;20.9955438;27.056959999999997
355;52.19244512;20.99552472;26.60697
356;52.19237518;20.99550883;26.49603
357;52.1923116;20.99548658;26.73901
358;52.1923116;20.99548658;27.808170000000008
359;52.19217809;20.99545161;30.005860000000002
360;52.19217809;20.99545161;31.28713
361;52.1920255;20.995423;31.497670000000006
362;52.1920255;20.995423;31.626959999999997
363;52.19194285;20.995423;31.281259999999996
364;52.19179026;20.995423;29.95234
365;52.19179026;20.995423;28.11091
366;52.19165039;20.99539757;26.05698
367;52.19158681;20.99539439;23.219430000000003
368;52.19153595;20.99539439;18.96273
369;52.19148509;20.99539757;13.824010000000001
370;52.19146601;20.99539757;8.816469999999999
371;52.19144058;20.99539757;4.7035
372;52.19142787;20.99539757;2.6749599999999996
373;52.19142151;20.99539757;0.0
374;52.19142151;20.99539757;0.0
375;52.19141515;20.99539757;0.0
376;52.19141515;20.99539757;0.0
377;52.19140879;20.99539757;0.0
378;52.19140879;20.99539757;0.0
379;52.19140879;20.99539757;0.0
380;52.19140879;20.99540075;0.0
381;52.19139608;20.9954071;0.0
382;52.19138972;20.9954071;0.0
383;52.19138972;20.9954071;0.0
384;52.19138972;20.9954071;0.0
385;52.19138972;20.99541028;0.0
386;52.19138336;20.99541028;0.0
387;52.19137065;20.99541028;0.0
388;52.19137065;20.99541028;0.0
389;52.19137065;20.99541346;0.0
390;52.19137065;20.99541028;0.0
391;52.19137065;20.99541028;0.0
392;52.19136429;20.99541028;0.0
393;52.19136429;20.99541028;0.0
394;52.19135793;20.99541028;0.0
395;52.19135793;20.9954071;0.0
396;52.19135793;20.9954071;0.0
397;52.19135793;20.9954071;0.0
398;52.19135793;20.99540075;0.0
399;52.19135157;20.99540075;0.0
400;52.19135157;20.99540075;0.0
401;52.19135157;20.99540075;0.0
402;52.19135157;20.99540075;0.0
403;52.19135157;20.99539757;0.0
404;52.19135157;20.99539757;0.0
405;52.19135157;20.99539757;0.0
406;52.19135157;20.99539757;0.0
407;52.19133886;20.99539757;0.0
408;52.19133886;20.99539757;0.0
409;52.19133886;20.99539757;0.0
410;52.19133886;20.99539757;0.0
411;52.19133886;20.99539757;0.0
412;52.19133886;20.99539757;0.0
413;52.19133886;20.99539757;0.0
414;52.19133886;20.99539439;0.0
415;52.19133886;20.99539439;0.0
416;52.19133886;20.99539439;0.0
417;52.19133886;20.99539439;0.0
418;52.19133886;20.99539439;0.0
419;52.19133886;20.99539439;0.0
420;52.19133886;20.99539439;0.0
421;52.19133886;20.99539439;0.0
422;52.19133886;20.99539439;0.0
423;52.19133886;20.99539439;0.0
424;52.1913325;20.99539439;0.0
425;52.1913325;20.99539439;0.0
426;52.1913325;20.99539439;0.0
427;52.1913325;20.99539439;0.0
428;52.1913325;20.99539439;0.0
429;52.1913325;20.99539439;0.0
430;52.1913325;20.99539439;0.0
431;52.1913325;20.99539439;0.0
432;52.1913325;20.99539439;0.0
433;52.1913325;20.99539439;0.0
434;52.1913325;20.99539439;0.0
435;52.1913325;20.99539439;0.0
436;52.1913325;20.99539439;0.0
437;52.1913325;20.99539757;0.0
438;52.1913325;20.99539757;0.0
439;52.1913325;20.99539757;0.0
440;52.19132614;20.99539757;0.0
441;52.19132614;20.99539757;0.0
442;52.19132614;20.99540075;0.0
443;52.19132614;20.99540075;0.0
444;52.19132614;20.99540075;0.0
445;52.19132614;20.99540075;0.0
446;52.19132614;20.99540075;0.0
447;52.19132614;20.9954071;0.0
448;52.19132614;20.9954071;0.0
449;52.19132614;20.9954071;0.0
450;52.19132614;20.9954071;0.0
451;52.19132614;20.9954071;0.0
452;52.19131978;20.9954071;0.0
453;52.19131978;20.99541028;0.0
454;52.19131978;20.99541028;0.0
455;52.19131978;20.99541028;0.0
456;52.19131978;20.99541028;0.0
457;52.19131978;20.99541028;0.0
458;52.19130707;20.99541346;0.0
459;52.19130707;20.99541346;0.0
460;52.19130707;20.99541346;0.0
461;52.19130707;20.99541346;0.0
462;52.19130707;20.99541346;0.0
463;52.19130707;20.99541346;0.0
464;52.19130707;20.99541346;0.0
465;52.19130707;20.99541346;0.0
466;52.19130707;20.99541346;0.0
467;52.19130707;20.99541982;0.0
468;52.19130707;20.99541982;0.0
469;52.19130707;20.99541982;0.0
470;52.19130707;20.99541982;0.0
471;52.19130707;20.99541982;0.0
472;52.19130707;20.99541982;0.0
473;52.19131978;20.995423;0.0
474;52.19131978;20.995423;0.0
475;52.19131978;20.995423;0.0
476;52.19131978;20.995423;0.0
477;52.19131978;20.99542618;0.0
478;52.19131978;20.99542618;0.0
479;52.19131978;20.99542618;0.0
480;52.19131978;20.99542936;0.0
481;52.19131978;20.99542936;0.0
482;52.19131978;20.99542936;0.0
483;52.19131978;20.99543571;0.0
484;52.19131978;20.99543571;0.0
485;52.19131978;20.99543571;0.0
486;52.19131978;20.99543571;0.0
487;52.19131978;20.99543571;0.0
488;52.19131978;20.99543889;0.0
489;52.19131978;20.99543889;0.0
490;52.19131978;20.99543889;0.0
491;52.19131978;20.99544207;0.0
492;52.19131978;20.99544207;0.0
493;52.19131978;20.99544207;0.0
494;52.19131978;20.99544525;0.0
495;52.19131978;20.99544525;0.0
496;52.19131978;20.99544525;0.0
497;52.19131978;20.99545161;0.0
498;52.19131978;20.99545161;0.0
499;52.19131978;20.99545161;0.0
500;52.19131978;20.99545161;0.0
501;52.19131978;20.99545161;0.0
502;52.19131978;20.99545479;0.0
503;52.19131978;20.99545479;0.0
504;52.19131978;20.99545479;0.0
505;52.19131978;20.99545479;0.0
506;52.19131978;20.99545479;0.0
507;52.19131978;20.99545479;0.0
508;52.19131978;20.99545479;0.0
509;52.19131978;20.99545479;0.0
510;52.19131978;20.99545479;0.0
511;52.19131978;20.99545479;0.0
512;52.19131978;20.99545479;0.0
513;52.19131978;20.99545797;0.0
514;52.19131978;20.99545797;0.0
515;52.19131978;20.99545797;0.0
516;52.19131978;20.99545797;0.0
517;52.19131978;20.99545797;0.0
518;52.19131978;20.99545797;0.0
519;52.19131978;20.99545797;0.0
520;52.19131978;20.99546432;0.0
521;52.19131978;20.99546432;0.0
522;52.19131978;20.9954675;0.0
523;52.19131978;20.9954675;0.0
524;52.19131978;20.9954675;0.0
525;52.19131978;20.9954675;0.0
526;52.19131978;20.99547068;0.0
527;52.19131978;20.99547068;0.0
528;52.19131978;20.99547068;0.0
529;52.19131978;20.99547068;0.0
530;52.19131978;20.99547068;0.0
531;52.19131978;20.99547068;0.0
532;52.19131978;20.99547068;0.0
533;52.19131978;20.99547068;0.0
534;52.19131978;20.99547068;0.0
535;52.19131978;20.99547068;0.0
536;52.19131978;20.99547386;0.0
537;52.19131978;20.99547386;0.0
538;52.19131978;20.99547068;0.0
539;52.19130707;20.99547386;0.0
540;52.19130707;20.99547386;0.0
541;52.19130707;20.99547386;0.0
542;52.19130707;20.99547386;0.0
543;52.19130707;20.99547386;0.0
544;52.19130707;20.99547386;0.0
545;52.19130707;20.99547386;0.0
546;52.19130707;20.99547386;0.0
547;52.19130707;20.99547386;0.0
548;52.19130707;20.99547386;0.0
549;52.19130707;20.99547386;0.0
550;52.19130707;20.99547068;0.0
551;52.19130707;20.99547068;0.0
552;52.19130707;20.99547068;0.0
553;52.19130707;20.99547068;0.0
554;52.19130707;20.99547068;0.0
555;52.19130707;20.99547068;0.0
556;52.19130071;20.99547386;0.0
557;52.19130071;20.99547386;0.0
558;52.19130071;20.99547386;0.0
559;52.19130071;20.99547386;0.0
560;52.19130071;20.99547386;0.0
561;52.19130071;20.99547386;0.0
562;52.19130071;20.99547386;0.0
563;52.19130071;20.99547386;0.0
564;52.19129435;20.99547386;0.0
565;52.19129435;20.99547386;0.0
566;52.19129435;20.99547386;0.0
567;52.19129435;20.99547386;0.0
568;52.19129435;20.99547068;0.0
569;52.19129435;20.99547068;0.0
570;52.19129435;20.9954675;0.0
571;52.19129435;20.9954675;0.0
572;52.19129435;20.99546432;0.0
573;52.19129435;20.99545797;0.0
574;52.19129435;20.99545797;0.0
575;52.19129435;20.99545479;0.0
576;52.19129435;20.99545479;0.0
577;52.19129435;20.99545161;0.0
578;52.19130071;20.99544525;0.0
579;52.19130071;20.99544525;0.0
580;52.19130071;20.99544207;0.0
581;52.19130071;20.99544207;0.0
582;52.19130707;20.99543571;0.0
583;52.19130707;20.99543571;0.0
584;52.19130707;20.99542936;0.0
585;52.19131978;20.99542936;0.0
586;52.19131978;20.99542936;0.0
587;52.19131978;20.99542618;0.0
588;52.19131978;20.99542618;0.0
589;52.19131978;20.99542618;0.0
590;52.1913325;20.99541982;0.0
591;52.1913325;20.99541346;0.0
592;52.1913325;20.99541028;0.0
593;52.1913325;20.99541028;0.0
594;52.1913325;20.99541028;0.0
595;52.1913325;20.99541028;0.0
596;52.19132614;20.99541346;0.0
597;52.19132614;20.99541346;0.0
598;52.19132614;20.99541028;0.0
599;52.1913325;20.99541028;0.0
600;52.1913325;20.99541028;0.0
601;52.1913325;20.9954071;0.0
602;52.19133886;20.9954071;0.0
603;52.19133886;20.9954071;0.0
604;52.19133886;20.99540075;0.0
605;52.19135157;20.99540075;0.0
606;52.19135157;20.99540075;0.0
607;52.19135157;20.99540075;0.0
608;52.19135157;20.99540075;0.0
609;52.19135157;20.99540075;0.0
610;52.19135157;20.9954071;0.0
611;52.19135793;20.9954071;0.0
612;52.19135793;20.99541028;0.0
613;52.19135793;20.99541028;0.0
614;52.19135793;20.99541028;0.0
615;52.19135793;20.99541982;0.0
616;52.19136429;20.99541982;0.0
617;52.19136429;20.99541982;0.0
618;52.19135793;20.99542618;0.0
619;52.19135793;20.99542936;0.0
620;52.19135793;20.99543571;0.0
621;52.19135157;20.99543889;0.0
622;52.19133886;20.99544207;0.0
623;52.1913325;20.99544525;1.7691299999999999
624;52.19131978;20.99545479;7.39538
625;52.19130071;20.9954675;11.11185
626;52.19126892;20.99548658;14.57792
627;52.19126892;20.99548658;16.943179999999998
628;52.19118627;20.99550883;17.46233
629;52.19115448;20.99549929;17.437710000000003
630;52.19115448;20.99549929;17.573259999999998
631;52.19107183;20.9954834;17.61586
632;52.19107183;20.9954834;17.75101
633;52.19100189;20.99548022;19.25064
634;52.19095739;20.9954834;21.683870000000002
635;52.19091924;20.99548658;24.395239999999998
636;52.19091924;20.99548658;26.983929999999997
637;52.19086838;20.99549929;29.073410000000003
638;52.19074122;20.99550247;31.074629999999996
639;52.19074122;20.99550247;32.42502
640;52.19058228;20.99549294;33.84144
641;52.19050598;20.9954834;34.94381
642;52.19042333;20.99548022;35.821960000000004
643;52.19034068;20.99548022;36.832499999999996
644;52.19024531;20.9954834;37.55438
645;52.19014994;20.99548022;37.88446
646;52.19014994;20.99548022;37.576649999999994
647;52.18996557;20.99548022;36.60593
648;52.18987656;20.9954834;34.86764
649;52.18987656;20.9954834;32.581269999999996
650;52.1897939;20.9954834;30.182030000000005
651;52.18964767;20.99547386;28.05582
652;52.1895841;20.99548022;26.97652
653;52.18952052;20.99549611;27.355040000000002
654;52.18945058;20.99551201;28.564030000000002
655;52.189387;20.99551519;28.789040000000007
656;52.18931707;20.99551519;27.56012
657;52.18924713;20.99551201;25.585869999999996
658;52.18918991;20.99550883;23.03779
659;52.18913269;20.99550247;19.260780000000004
660;52.18909454;20.99549611;15.23887
661;52.1890564;20.99549611;11.612249999999998
662;52.1890564;20.99549611;8.41179
663;52.18903097;20.99549929;5.571109999999999
664;52.1889801;20.99550883;3.54022
665;52.18897374;20.99551201;2.4453199999999997
666;52.18897374;20.99551201;0.69024
667;52.18895467;20.99551519;0.0
668;52.18894831;20.99552155;0.2875
669;52.18894196;20.99552472;1.29375
670;52.18892288;20.9955279;0.0
671;52.18892288;20.9955279;0.0
672;52.18892288;20.9955279;0.0
673;52.18892288;20.9955279;0.0
674;52.18892288;20.9955279;0.4293
675;52.18891652;20.9955279;7.47311
676;52.18891652;20.9955279;12.98767
677;52.18889109;20.99553744;15.75527
678;52.1888593;20.99555969;17.65062
679;52.18882751;20.99569639;21.67214
680;52.18882116;20.99579175;26.38236
681;52.18882116;20.99579175;30.220310000000005
682;52.18882116;20.99590302;32.981680000000004
683;52.18882751;20.99615733;33.70747
684;52.18882751;20.99615733;33.476989999999994
685;52.18882116;20.99642436;33.293780000000005
686;52.18882116;20.99642436;32.97737
687;52.18882116;20.99667867;32.54884
688;52.18882116;20.99680583;31.41094
689;52.18882116;20.99680583;28.33474
690;52.18880844;20.99692663;22.847170000000002
691;52.18880208;20.99702835;16.66741
692;52.18879573;20.99715869;10.055169999999999
693;52.18879573;20.99715869;4.98516
694;52.18879573;20.99719365;2.45
695;52.18878301;20.99719683;0.0
696;52.18877029;20.99717458;0.0
697;52.18877029;20.99717458;0.0
698;52.18872579;20.99715233;0.0
699;52.18871943;20.99714915;0.0
700;52.18871943;20.99715233;0.0
701;52.18871307;20.99715869;0.0
702;52.18871943;20.99716822;0.0
703;52.18871943;20.99717458;0.0
704;52.18871943;20.99717458;0.0
705;52.18873851;20.99720001;0.0
706;52.18874486;20.99721273;0.0
707;52.18875122;20.99722862;3.6316700000000006
708;52.18875122;20.99725723;9.70204
709;52.18875122;20.99725723;14.2326
710;52.18875122;20.99735896;18.28578
711;52.18875122;20.99742889;21.538959999999996
712;52.18875122;20.9975179;24.29798
713;52.18875122;20.9975179;26.80854
714;52.18875122;20.99761645;28.92106
715;52.18874486;20.99783262;29.737869999999997
716;52.18873851;20.9979407;29.53163
717;52.18873851;20.9979407;30.491400000000006
718;52.18873851;20.99805514;32.52854
719;52.18872579;20.9981664;34.24225
720;52.18871307;20.99842072;35.45396000000001
721;52.18871307;20.99842072;35.97039
722;52.18870672;20.99869728;36.47626
723;52.18870672;20.99869728;37.09031
724;52.18867493;20.99896749;37.37079
725;52.18867493;20.99896749;36.87392000000001
726;52.1886495;20.99924405;36.40711
727;52.1886495;20.99939028;37.02039
728;52.18865585;20.99953969;37.485609999999994
729;52.18865585;20.99969228;36.765719999999995
730;52.18866221;20.99983851;36.18758
731;52.18866221;20.99998792;35.45083
732;52.18866221;21.00013351;34.636759999999995
733;52.18866221;21.00013351;33.45826
734;52.18868764;21.00029246;32.22112
735;52.188694;21.00056903;30.79103
736;52.18870672;21.00069618;28.787080000000003
737;52.18870672;21.00069618;25.821439999999996
738;52.18871307;21.00091235;21.804579999999998
739;52.18871943;21.00099818;17.774060000000002
740;52.18872579;21.00106494;13.12828
741;52.18872579;21.0011158;8.19967
742;52.18872579;21.0011158;4.5281199999999995
743;52.18873851;21.0011603;2.3875200000000003
744;52.18874486;21.00116666;0.0
745;52.18875122;21.0011762;0.0
746;52.18875122;21.0011762;0.0
747;52.18876394;21.00118891;0.0
748;52.18876394;21.00118891;0.0
749;52.18877029;21.00120163;0.0
750;52.18877029;21.00120163;0.0
751;52.18877665;21.00120799;0.0
752;52.18878301;21.00121117;0.0
753;52.18878301;21.00121117;0.0
754;52.18878301;21.00121117;0.0
755;52.18878301;21.00121752;0.0
756;52.18878301;21.0012207;0.0
757;52.18879573;21.00122388;0.0
758;52.18879573;21.00123342;3.65313
759;52.18879573;21.00126203;9.952859999999998
760;52.18879573;21.00126203;14.861529999999998
761;52.18880208;21.001297;18.72563
762;52.18880208;21.00135422;22.18779
763;52.18880208;21.0015227;25.108140000000002
764;52.18879573;21.00161807;27.57613
765;52.18879573;21.00173251;29.78826
766;52.18879573;21.00173251;31.522659999999995
767;52.18880208;21.00185013;33.051199999999994
768;52.18882751;21.00210762;33.41292
769;52.18882751;21.00210762;32.971109999999996
770;52.18883387;21.00237147;31.98985
771;52.18883387;21.00237147;30.850000000000005
772;52.18884023;21.00261943;29.27653
773;52.18884023;21.00273705;27.053479999999997
774;52.18884023;21.00273705;23.367489999999997
775;52.18884023;21.00284513;18.18343
776;52.18885295;21.00293414;12.27983
777;52.18885295;21.00300407;6.418029999999999
778;52.18885295;21.00305494;3.14845
779;52.1888593;21.00306129;0.9375
780;52.1888593;21.00306129;0.0
781;52.18886566;21.00306447;0.0
782;52.18887838;21.00306765;0.0
783;52.18887838;21.00306765;0.0
784;52.18887838;21.00306765;0.0
785;52.18887838;21.00306765;0.0
786;52.18888474;21.00307083;0.0
787;52.18888474;21.00307719;0.0
788;52.18888474;21.00307719;0.0
789;52.18888474;21.00308037;0.0
790;52.18889109;21.00308037;0.0
791;52.18889109;21.00308355;0.0
792;52.18889109;21.0030899;5.04495
793;52.18889109;21.0031058;10.975509999999998
794;52.18889745;21.00318527;15.991990000000001
795;52.18891017;21.00324567;20.4116
796;52.18891017;21.00324567;24.373359999999998
797;52.18891652;21.00332832;27.8949
798;52.18892288;21.00342687;30.95234
799;52.18892924;21.00354131;33.767630000000004
800;52.18894196;21.00379244;36.23405
801;52.18894831;21.0039355;38.30596
802;52.18894831;21.00408808;39.95285
803;52.18895467;21.00424385;41.46303
804;52.18896739;21.00441233;42.769310000000004
805;52.18896739;21.00441233;43.998189999999994
806;52.18896739;21.00475248;45.09822999999999
807;52.18896739;21.00475248;45.80020999999999
808;52.18897374;21.00511487;45.520889999999994
809;52.18897374;21.00529289;44.993919999999996
810;52.18897374;21.00529289;44.482609999999994
811;52.18896739;21.00563939;43.895089999999996
812;52.18896739;21.00581106;43.23492
813;52.18896739;21.00581106;41.23177
814;52.18897374;21.00614484;38.22392
815;52.18897374;21.00614484;34.914109999999994
816;52.1889801;21.0064373;31.484379999999998
817;52.1889801;21.0065581;27.977690000000003
818;52.1889801;21.00666936;24.790550000000003
819;52.1889801;21.00666936;21.779179999999997
820;52.1889801;21.00684738;18.90689
821;52.1889801;21.0069205;15.395500000000002
822;52.18897374;21.00697772;11.85173
823;52.18897374;21.00697772;8.37817
824;52.1889801;21.00706037;5.18361
825;52.1889801;21.00707944;2.739820000000001
826;52.18898646;21.00709534;1.06835
827;52.18899918;21.00710805;0.0
828;52.18900553;21.00712077;0.0
829;52.18901189;21.00713348;0.0
830;52.18902461;21.0071462;0.0
831;52.18903097;21.00715256;0.0
832;52.18903097;21.00715256;0.0
833;52.18903732;21.00715892;0.0
834;52.18904368;21.00717481;0.0
835;52.1890564;21.00718117;0.0
836;52.1890564;21.00718117;0.0
837;52.1890564;21.00718435;0.0
838;52.18906275;21.00719388;0.0
839;52.18906275;21.00719706;0.0
840;52.18906275;21.00719706;0.0
841;52.18906275;21.00719706;0.0
842;52.18906911;21.00720342;0.0
843;52.18906911;21.0072066;0.0
844;52.18906911;21.0072066;0.0
845;52.18906911;21.0072066;0.0
846;52.18906911;21.00720978;0.0
847;52.18906911;21.00720978;0.0
848;52.18906911;21.00721296;0.0
849;52.18906911;21.00721296;0.0
850;52.18906911;21.00721931;0.0
851;52.18906911;21.00721931;0.0
852;52.18906911;21.00722249;0.0
853;52.18908183;21.00722567;0.0
854;52.18908183;21.00722567;0.0
855;52.18908183;21.00723203;0.0
856;52.18906911;21.00723521;0.0
857;52.18906911;21.00723521;0.0
858;52.18906911;21.00724157;0.0
859;52.18906911;21.00724157;0.0
860;52.18906911;21.00724792;0.0
861;52.18906911;21.00724792;0.0
862;52.18906911;21.0072511;0.0
863;52.18906911;21.0072511;0.0
864;52.18906911;21.0072511;0.0
865;52.18906911;21.00726064;0.0
866;52.18906911;21.00726064;0.0
867;52.18906911;21.00726064;0.0
868;52.18906911;21.00726382;0.0
869;52.18906911;21.00726382;0.0
870;52.18906911;21.007267;0.0
871;52.18906911;21.007267;0.0
872;52.18906911;21.007267;0.5625
873;52.18906911;21.00728289;5.03281
874;52.18906911;21.00730515;8.563730000000001
875;52.18906275;21.00733693;10.281760000000002
876;52.18906275;21.00733693;10.9431
877;52.1890564;21.00736872;10.944280000000001
878;52.18904368;21.00740687;10.96811
879;52.18903732;21.00747999;10.841930000000001
880;52.18904368;21.00751177;11.21655
881;52.18904368;21.00751177;11.940769999999999
882;52.1891009;21.00755628;13.73376
883;52.1891009;21.00755628;17.331849999999996
884;52.18914541;21.00754356;20.76786
885;52.18921534;21.00753085;23.11982
886;52.18927256;21.00754038;23.4706
887;52.18932343;21.00754674;22.4284
888;52.18932343;21.00754674;20.663149999999998
889;52.18941243;21.00755628;18.017020000000002
890;52.18941243;21.00755628;14.420480000000001
891;52.1894633;21.0075531;9.33952
892;52.18950144;21.00753721;4.65277
893;52.1895078;21.00753085;2.2008
894;52.1895078;21.00753085;0.0
895;52.1895078;21.00753085;0.0
896;52.1895078;21.00753085;0.0
897;52.1895078;21.00753085;0.0
898;52.1895078;21.00753085;0.0
899;52.1895078;21.00753085;0.0
900;52.18952052;21.00753085;0.0
901;52.18952052;21.00753085;0.0
902;52.18952052;21.00753085;0.4828
903;52.18952052;21.00753085;5.500020000000001
904;52.18953959;21.00752449;10.67241
905;52.18953959;21.00752449;14.88066
906;52.18957774;21.00751177;18.249450000000003
907;52.18961589;21.00750224;20.649880000000003
908;52.18969854;21.00748316;22.0581
909;52.18974304;21.00747363;21.767080000000004
910;52.18980026;21.00747363;21.078400000000002
911;52.18984477;21.00749906;21.20497
912;52.18989563;21.00754038;20.785809999999998
913;52.18992742;21.00759761;20.14009
914;52.18995921;21.00766118;20.076439999999998
915;52.18995921;21.00766118;20.83269
916;52.18999736;21.00780423;21.43622
917;52.18999736;21.00780423;22.234280000000002
918;52.19002279;21.00788053;23.63898
919;52.19004822;21.00796;25.44876
920;52.19010544;21.00812531;27.440199999999997
921;52.19013723;21.00822067;29.241770000000002
922;52.19016902;21.0083224;30.587120000000006
923;52.19016902;21.0083224;31.889069999999997
924;52.19020081;21.00842412;32.95083000000001
925;52.19028346;21.00864347;34.02973
926;52.19031525;21.00876427;34.621140000000004
927;52.19031525;21.00876427;35.061389999999996
928;52.19035339;21.00887871;34.81723
929;52.19044876;21.00911077;34.459439999999994
930;52.19048691;21.00922839;34.3938
931;52.19052505;21.00934601;34.61997
932;52.19057592;21.00946363;35.00045
933;52.19057592;21.00946363;34.756299999999996
934;52.19061406;21.00958125;34.212939999999996
935;52.19069672;21.00981331;34.29693
936;52.19074122;21.00993093;34.82155
937;52.19078573;21.01005491;34.75866
938;52.19078573;21.01005491;34.11138
939;52.19083659;21.01016935;33.63013
940;52.19088745;21.01027425;33.12699
941;52.19100825;21.01044909;32.12582
942;52.19100825;21.01044909;30.43712
943;52.19107183;21.01051585;28.506219999999995
944;52.19118627;21.01061757;26.389
945;52.19124349;21.01065254;25.4015
946;52.19130071;21.01068433;25.97299
947;52.19135793;21.01071294;26.98549
948;52.19142151;21.01072884;28.176930000000006
949;52.19142151;21.01072884;29.273049999999994
950;52.19156138;21.01072566;30.66836
951;52.19156138;21.01072566;31.999629999999996
952;52.19170761;21.01069069;33.00354
953;52.19179026;21.01065572;32.635960000000004
954;52.19185384;21.01062393;32.01642
955;52.19193014;21.01059532;31.346890000000002
956;52.19200643;21.01056671;30.351190000000003
957;52.19208272;21.01053492;28.60387
958;52.1921463;21.01050631;26.6398
959;52.19220352;21.01048724;23.703809999999997
960;52.1922671;21.0104777;19.842039999999997
961;52.19231796;21.01050631;16.74552
962;52.19235611;21.01054764;16.1924
963;52.19238154;21.01060804;16.500590000000003
964;52.19238154;21.01060804;16.54084
965;52.19240061;21.01075109;16.373250000000002
966;52.19240697;21.01081149;15.198250000000002
967;52.19242605;21.01087189;12.47554
968;52.19242605;21.01091003;7.83407
969;52.19242605;21.01092911;4.08595
970;52.1924324;21.01093229;1.6172
971;52.1924324;21.01093229;0.0
972;52.1924324;21.01092911;0.0
973;52.1924324;21.01092911;0.0
974;52.19243876;21.01092593;0.0
975;52.19243876;21.01092593;0.0
976;52.19243876;21.01092275;0.0
977;52.19243876;21.01092275;0.0
978;52.19244512;21.01091639;0.0
979;52.19244512;21.01091639;0.0
980;52.19244512;21.01091639;0.0
981;52.19244512;21.01091639;0.0
982;52.19244512;21.01091321;0.0
983;52.19245783;21.01091321;0.0
984;52.19245783;21.01091003;0.0
985;52.19245783;21.01091003;0.0
986;52.19246419;21.01091003;5.63088
987;52.19246419;21.01092275;11.24975
988;52.19250234;21.01098315;16.09786
989;52.19250234;21.01098315;20.252590000000005
990;52.19252141;21.01104355;23.81593
991;52.19255956;21.01121839;27.25893
992;52.19255956;21.01121839;30.04492
993;52.19257863;21.01132965;32.11486
994;52.19261678;21.01156807;33.906279999999995
995;52.19261678;21.01156807;35.4071
996;52.19266129;21.01183828;36.55358
997;52.19266129;21.01183828;37.6954
998;52.19269943;21.01212438;37.95595000000001
999;52.19269943;21.01212438;37.33565
1000;52.19272486;21.01226743;36.64109
1001;52.1927503;21.01241366;35.989529999999995
1002;52.19278208;21.01267751;35.34616
1003;52.19278844;21.01280467;34.628960000000006
1004;52.19280752;21.01293182;33.96839999999999
1005;52.19280752;21.01293182;33.31761
1006;52.19281387;21.0131766;32.55941
1007;52.19281387;21.0131766;31.75979
1008;52.19285202;21.01342773;30.16834
1009;52.19287745;21.01355489;27.708949999999998
1010;52.19290288;21.01366297;24.467099999999995
1011;52.19292831;21.01376152;20.45222
1012;52.19295375;21.01384417;16.98225
1013;52.19295375;21.01384417;13.22244
1014;52.19296646;21.01390775;9.108290000000002
1015;52.19298553;21.01399358;5.44026
1016;52.19298553;21.01399358;3.0858999999999996
1017;52.19298553;21.0140063;0.0
1018;52.19299189;21.01401901;0.0
1019;52.19299825;21.01402219;0.0
1020;52.19301097;21.01402855;0.0
1021;52.19301097;21.01403491;0.0
1022;52.19301732;21.01403491;0.0
1023;52.19301732;21.01403491;0.0
1024;52.19302368;21.01404762;0.0
1025;52.1930364;21.0140508;0.0
1026;52.1930364;21.01405716;0.0
1027;52.19304276;21.01406352;0.0
1028;52.19304276;21.01406352;0.0
1029;52.19304276;21.01406352;1.01133
1030;52.19305547;21.01409531;6.9644900000000005
1031;52.19307454;21.0141271;11.28333
1032;52.19309362;21.01416842;14.857219999999998
1033;52.19310633;21.01422564;16.94045
1034;52.19310633;21.01422564;16.920140000000004
1035;52.19313176;21.01435598;16.34202
1036;52.19313812;21.01441638;15.187310000000002
1037;52.19313812;21.01441638;13.888070000000003
1038;52.1931572;21.01452764;12.33452
1039;52.1931572;21.01456579;9.823550000000001
1040;52.19316355;21.01460075;6.83326
1041;52.19316355;21.01461665;4.2891
1042;52.19316355;21.01461665;2.6343600000000005
1043;52.19316355;21.01462936;0.7183499999999999
1044;52.19316355;21.01462936;0.0
1045;52.19316991;21.01463254;0.0
1046;52.19316991;21.01463254;0.0
1047;52.19318263;21.01463254;0.0
1048;52.19318263;21.01463254;0.0
1049;52.19318899;21.01463254;0.0
1050;52.19318899;21.01463254;0.0
1051;52.1932017;21.01463572;0.0
1052;52.1932017;21.01463572;0.0
1053;52.1932017;21.01463572;0.0
1054;52.1932017;21.01463572;0.0
1055;52.1932017;21.0146389;0.0
1056;52.1932017;21.0146389;0.0
1057;52.19321442;21.0146389;0.0
1058;52.19321442;21.0146389;0.0
1059;52.19321442;21.01464526;0.0
1060;52.19321442;21.01464526;0.0
1061;52.19321442;21.01464526;0.0
1062;52.19321442;21.01464526;0.0
1063;52.19321442;21.01464526;0.0
1064;52.19321442;21.01464526;0.0
1065;52.19321442;21.01464844;0.0
1066;52.19321442;21.01464844;0.0
1067;52.19321442;21.01464844;0.0
1068;52.19322077;21.01464844;0.0
1069;52.19322077;21.01464844;0.0
1070;52.19322077;21.01465162;0.0
1071;52.19322077;21.01465162;0.0
1072;52.19322077;21.01465162;0.0
1073;52.19322713;21.01465797;0.0
1074;52.19322713;21.01465797;0.0
1075;52.19322713;21.01465797;0.0
1076;52.19322713;21.01465797;0.0
1077;52.19322713;21.01465797;0.0
1078;52.19322713;21.01465797;0.0
1079;52.19322713;21.01465797;0.0
1080;52.19322713;21.01465797;0.0
1081;52.19322713;21.01465797;0.0
1082;52.19322713;21.01465797;0.0
1083;52.19322713;21.01465797;0.0
1084;52.19322713;21.01465797;0.0
1085;52.19322713;21.01466115;0.0
1086;52.19322713;21.01466433;0.8132699999999999
1087;52.19323985;21.01468023;7.093390000000001
1088;52.19324621;21.01471202;12.89315
1089;52.19325256;21.01476606;17.82757
1090;52.19325892;21.01483917;22.297159999999998
1091;52.19325892;21.01483917;25.935089999999995
1092;52.19328435;21.01502355;28.029249999999998
1093;52.19328435;21.01502355;29.796870000000002
1094;52.19331614;21.01524607;30.707010000000004
1095;52.19333522;21.01536369;32.07814
1096;52.19336065;21.01548767;33.6641
1097;52.19338608;21.01561801;35.20124
1098;52.19338608;21.01561801;35.98756
1099;52.19340515;21.01574834;36.590329999999994
1100;52.19343058;21.01588504;37.287220000000005
1101;52.19347509;21.01617114;37.849720000000005
1102;52.19347509;21.01617114;38.33995
1103;52.19351323;21.01646042;38.69737
1104;52.19351323;21.01646042;38.96886
1105;52.19353231;21.01660665;39.446600000000004
1106;52.19357681;21.01691182;39.997789999999995
1107;52.19359589;21.01706441;40.04896
1108;52.19362132;21.01722018;39.646609999999995
1109;52.19362132;21.01722018;39.69778
1110;52.19363403;21.01736959;39.63644
1111;52.19367854;21.01767159;39.510270000000006
1112;52.19367854;21.01767159;39.380179999999996
1113;52.19369125;21.01782735;39.58799
1114;52.19371033;21.01797676;39.39544
1115;52.19376755;21.01828194;38.81573
1116;52.19376755;21.01828194;37.98487
1117;52.19381205;21.01857758;37.333279999999995
1118;52.19381205;21.01857758;36.671949999999995
1119;52.1938502;21.01872063;35.94461
1120;52.1938947;21.01899719;34.78795
1121;52.19391378;21.01913389;32.68637
1122;52.19393921;21.01925468;29.96132
1123;52.19393921;21.01925468;26.575319999999998
1124;52.19396464;21.01946767;22.80733
1125;52.19396464;21.01946767;19.02759
1126;52.193971;21.01955032;15.17714
1127;52.19398371;21.01967748;10.950900000000003
1128;52.19398371;21.01967748;7.1012200000000005
1129;52.19399643;21.01973788;4.40001
1130;52.19399643;21.01973788;2.8164000000000002
1131;52.19400279;21.01975377;1.4687
1132;52.19400915;21.01976013;0.0
1133;52.19400915;21.01976013;0.0
1134;52.19400915;21.01976013;0.0
1135;52.1940155;21.01976331;0.0
1136;52.1940155;21.01976649;0.0
1137;52.19402822;21.01976649;0.04687
1138;52.19402822;21.01977285;0.0
1139;52.19403458;21.01977285;0.0
1140;52.19403458;21.01977285;0.0
1141;52.19403458;21.01977285;0.0
1142;52.19404093;21.01977603;0.0
1143;52.19404093;21.01977603;0.0
1144;52.19405365;21.01977603;0.0
1145;52.19405365;21.01977603;0.32969
1146;52.19405365;21.01977603;6.0649
1147;52.19406637;21.01982053;11.08843
1148;52.19407272;21.01986821;15.743559999999999
1149;52.19408544;21.01993497;19.967050000000004
1150;52.19408544;21.01993497;23.672960000000003
1151;52.19411723;21.02010028;27.117129999999996
1152;52.19414266;21.020202;29.57577
1153;52.19414266;21.020202;32.21096
1154;52.19415538;21.02031644;34.573499999999996
1155;52.19418081;21.02043724;36.51335999999999
1156;52.19421895;21.02071063;38.125479999999996
1157;52.19421895;21.02071063;39.593489999999996
1158;52.19424438;21.02085368;40.83061
1159;52.19426982;21.02100945;41.93764
1160;52.19432704;21.02132416;42.878679999999996
1161;52.19435247;21.02149264;43.62985
1162;52.19435247;21.02149264;43.390019999999986
1163;52.19440969;21.02182643;43.3279
1164;52.19440969;21.02182643;43.406040000000004
1165;52.19443512;21.02198855;42.94235
1166;52.19447962;21.02232234;42.18609
1167;52.19451777;21.02248446;41.31928
1168;52.19451777;21.02248446;40.69701
1169;52.19453049;21.02264659;39.829040000000006
1170;52.19455592;21.02280553;39.06573
1171;52.19457499;21.02296448;38.17158
1172;52.19459407;21.02326647;34.37818
1173;52.19459407;21.02326647;29.514840000000003
1174;52.1946195;21.02351125;25.23627
1175;52.1946195;21.02351125;21.45496
1176;52.19462585;21.0236098;17.323280000000004
1177;52.19462585;21.02368927;12.60952
1178;52.19462585;21.02379417;8.843820000000001
1179;52.19462585;21.02379417;6.015669999999999
1180;52.19462585;21.02382914;4.5984300000000005
1181;52.19462585;21.02386411;3.6550900000000004
1182;52.19463857;21.02388;2.4398599999999995
1183;52.19463857;21.02388954;1.05275
1184;52.19463857;21.0238959;0.0
1185;52.19464493;21.0238959;0.0
1186;52.19464493;21.02390226;0.0
1187;52.19464493;21.02390226;0.0
1188;52.19464493;21.02390544;0.0
1189;52.19464493;21.02390544;0.0
1190;52.19464493;21.02390862;0.0
1191;52.19464493;21.02390862;0.0
1192;52.19464493;21.02390862;0.0
1193;52.19465129;21.02391497;0.0
1194;52.19465129;21.02391815;0.0
1195;52.194664;21.02392451;0.0
1196;52.194664;21.02392451;0.0
1197;52.19467036;21.02393405;0.0
1198;52.19467672;21.02393723;0.0
1199;52.19467672;21.02393723;0.0
1200;52.19468307;21.02394358;0.0
1201;52.19469579;21.02394676;0.0
1202;52.19469579;21.02394676;0.0
1203;52.19469579;21.02394676;0.0
1204;52.19470215;21.02394994;0.0
1205;52.19470215;21.02394994;0.0
1206;52.19470851;21.02394994;0.0
1207;52.19472122;21.02395312;0.0
1208;52.19472122;21.02395312;0.0
1209;52.19472122;21.02395948;0.0
1210;52.19472758;21.02395948;0.0
1211;52.19472758;21.02395948;0.0
1212;52.19472758;21.02395948;0.0
1213;52.19472758;21.02396266;0.0
1214;52.19473394;21.02396266;0.0
1215;52.19473394;21.02396266;0.0
1216;52.19473394;21.02396266;0.0
1217;52.19473394;21.02396266;0.0
1218;52.19473394;21.02396266;0.0
1219;52.19473394;21.02396266;0.0
1220;52.19473394;21.02395948;0.0
1221;52.19473394;21.02395948;0.0
1222;52.19473394;21.02395948;0.0
1223;52.19473394;21.02395948;0.0
1224;52.19473394;21.02395948;0.0
1225;52.1947403;21.02395948;0.0
1226;52.1947403;21.02395948;0.0
1227;52.1947403;21.02395948;0.0
1228;52.1947403;21.02395948;0.0
1229;52.19473394;21.02395948;0.0
1230;52.19473394;21.02395948;0.0
1231;52.19473394;21.02395948;0.0
1232;52.19473394;21.02395948;0.0
1233;52.19473394;21.02395948;0.0
1234;52.19473394;21.02395948;0.0
1235;52.19473394;21.02396266;0.0
1236;52.19473394;21.02396266;0.0
1237;52.19473394;21.02396266;0.0
1238;52.19473394;21.02397537;5.08129
1239;52.19473394;21.02397537;10.648549999999998
1240;52.19473394;21.02400398;14.857980000000003
1241;52.19473394;21.02404849;18.09359
1242;52.19473394;21.02417882;20.481519999999996
1243;52.19473394;21.02417882;21.484669999999998
1244;52.1947403;21.0242583;21.841289999999997
1245;52.19479116;21.02439817;22.320990000000002
1246;52.19479116;21.02439817;23.81826
1247;52.19489924;21.02445857;26.20502
1248;52.19496282;21.02447446;26.833940000000002
1249;52.19496282;21.02447446;25.57728
1250;52.1950264;21.02448718;22.99484
1251;52.19513448;21.02448718;18.94282
1252;52.19517263;21.024484;14.441230000000001
1253;52.19520442;21.02448718;9.255949999999999
1254;52.19520442;21.02448718;4.843750000000001
1255;52.19522349;21.024484;2.36796
1256;52.19522349;21.024484;0.0
1257;52.19522349;21.024484;0.0
1258;52.19522349;21.024484;0.0
1259;52.19522349;21.02447764;0.0
1260;52.19522349;21.02447764;0.0
1261;52.19522349;21.02447764;0.0
1262;52.19522349;21.02447764;0.0
1263;52.19522985;21.02447764;0.0
1264;52.19522985;21.024484;0.0
1265;52.19522985;21.02447764;0.0
1266;52.19522985;21.02447764;0.0
1267;52.19523621;21.02447446;0.0
1268;52.19524892;21.02447128;0.0
1269;52.19525528;21.02446175;4.2929900000000005
1270;52.19527435;21.02445857;9.57431
1271;52.19527435;21.02445857;13.99746
1272;52.19533793;21.02442678;17.71857
1273;52.19538879;21.02441088;21.077630000000003
1274;52.19538879;21.02441088;24.42687
1275;52.1954333;21.02440135;27.678860000000004
1276;52.19549688;21.02440453;30.325019999999995
1277;52.19564311;21.02439499;32.484030000000004
1278;52.19564311;21.02439499;34.26529000000001
1279;52.19572576;21.02438863;36.1817
1280;52.19581477;21.02438545;37.90009
1281;52.19589742;21.02438227;39.150890000000004
1282;52.19608816;21.02436956;40.41771000000001
1283;52.19618352;21.02436002;41.521249999999995
1284;52.19629161;21.02435684;42.22593
1285;52.19638697;21.02435366;42.45445
1286;52.19638697;21.02435366;42.674389999999995
1287;52.19649506;21.02435048;43.17751
1288;52.19659678;21.02434095;43.83103
1289;52.19670486;21.02433777;44.499
1290;52.19691467;21.02432187;45.11582
1291;52.19702276;21.02431234;45.87830999999999
1292;52.1971372;21.0243028;45.91424
1293;52.19725164;21.02428691;45.43456
1294;52.19725164;21.02428691;44.96855
1295;52.1974678;21.02426465;43.40681
1296;52.19756953;21.02425512;41.12785
1297;52.19756953;21.02425512;37.804779999999994
1298;52.19767125;21.02425194;34.17661
1299;52.19784927;21.02426783;31.130070000000007
1300;52.19784927;21.02426783;26.707759999999997
1301;52.19791921;21.02426783;22.487410000000004
1302;52.19803365;21.02426783;17.54085
1303;52.19803365;21.02426783;11.850150000000001
1304;52.19808451;21.0242583;6.85277
1305;52.19809723;21.0242583;3.74296
1306;52.19809723;21.0242583;0.35703
1307;52.19810359;21.0242583;0.0
1308;52.19810359;21.0242583;0.0
1309;52.19810359;21.02426465;0.0
1310;52.19809723;21.02426465;0.0
1311;52.19809723;21.02426465;0.0
1312;52.19809723;21.02426465;0.0
1313;52.19809723;21.02426465;0.0
1314;52.19810359;21.0242583;0.0
1315;52.19810359;21.02426465;0.0
1316;52.19810359;21.02426465;0.0
1317;52.19810994;21.0242583;0.5531200000000001
1318;52.19813538;21.02424876;5.21956
1319;52.19813538;21.02424876;7.32662
1320;52.19818624;21.02422651;8.49066
1321;52.19821167;21.02421061;11.117719999999998
1322;52.19821167;21.02421061;15.42988
1323;52.19828796;21.02417882;20.179550000000006
1324;52.19833883;21.02415657;24.38899
1325;52.19833883;21.02415657;27.650339999999993
1326;52.19845327;21.02413432;30.495299999999997
1327;52.19852956;21.02413432;31.525399999999998
1328;52.19852956;21.02413432;31.180079999999997
1329;52.19859314;21.02412478;30.071479999999998
1330;52.19873937;21.02409935;28.999199999999995
1331;52.19873937;21.02409935;27.333170000000003
1332;52.19880295;21.02408981;25.44876
1333;52.19886653;21.0240771;25.36165
1334;52.19899368;21.02406438;27.288240000000002
1335;52.19899368;21.02406438;28.265210000000003
1336;52.19912084;21.0240612;29.178890000000003
1337;52.19912084;21.0240612;30.603519999999996
1338;52.19926707;21.02405167;32.51135
1339;52.19934972;21.02404849;34.73326
1340;52.19934972;21.02404849;36.78445000000001
1341;52.19943237;21.02403895;38.68643
1342;52.19952774;21.02403259;40.4884
1343;52.19961675;21.02402306;41.797419999999995
1344;52.1998202;21.02401034;42.43411999999999
1345;52.1998202;21.02401034;42.84233
1346;52.20002365;21.02399445;43.400949999999995
1347;52.20013173;21.02397855;43.79079
1348;52.2002271;21.02396266;44.23923
1349;52.20033518;21.02394676;44.94237
1350;52.20043691;21.02393087;45.18145
1351;52.20054499;21.02390862;44.89352999999999
1352;52.20065308;21.02388954;44.30017000000001
1353;52.2007548;21.02386729;43.60798
1354;52.2007548;21.02386729;42.990779999999994
1355;52.20086288;21.02384822;41.35833
1356;52.20105998;21.02380689;37.747749999999996
1357;52.20114899;21.02380053;33.05626
1358;52.20121892;21.023791;28.168330000000005
1359;52.20129522;21.0237751;23.933919999999993
1360;52.20135244;21.02376239;19.958069999999996
1361;52.20139058;21.02375603;15.210350000000002
1362;52.20139058;21.02375603;10.401680000000002
1363;52.20143509;21.02376239;5.7676
1364;52.20144145;21.02376239;2.9742000000000006
1365;52.20144145;21.02375921;0.8796799999999999
1366;52.20144145;21.02375921;0.0
1367;52.20143509;21.02375603;0.0
1368;52.20143509;21.02374967;0.0
1369;52.20143509;21.02374967;0.0
1370;52.20143509;21.02374649;0.0
1371;52.20142237;21.02374331;0.0
1372;52.20142237;21.02374331;0.0
1373;52.20142237;21.02374331;0.0
1374;52.20142237;21.02373377;0.0
1375;52.20141602;21.0237306;0.0
1376;52.20141602;21.0237306;0.0
1377;52.20141602;21.0237306;4.17109
1378;52.20144145;21.0237147;10.02589
1379;52.20144145;21.0237147;14.509960000000001
1380;52.20146688;21.02370516;17.53615
1381;52.20149231;21.02370199;19.681890000000003
1382;52.2015686;21.02368609;20.999879999999997
1383;52.2015686;21.02368609;21.71355
1384;52.20161947;21.02367655;22.06434
1385;52.20173391;21.02363841;21.834639999999997
1386;52.20178477;21.02361615;21.63974
1387;52.20184199;21.02360026;22.71592
1388;52.20184199;21.02360026;24.159670000000002
1389;52.20188649;21.02358437;25.294469999999997
1390;52.20195007;21.02357165;26.000710000000005
1391;52.20200729;21.02355258;27.454250000000002
1392;52.20207723;21.02353668;29.473030000000005
1393;52.20214081;21.02351443;30.49844
1394;52.20222346;21.02348264;30.574990000000003
1395;52.20237605;21.02344131;30.351179999999992
1396;52.20237605;21.02344131;31.628540000000005
1397;52.20243963;21.0234286;33.50043
1398;52.20261129;21.02338092;35.03641
1399;52.20261129;21.02338092;36.36296
1400;52.20269394;21.02335866;37.66023
1401;52.20287832;21.02332687;38.49033
1402;52.20296733;21.02331098;39.210660000000004
1403;52.20306905;21.02329508;38.82979999999999
1404;52.20306905;21.02329508;39.01219
1405;52.20325343;21.02327919;38.55556
1406;52.20325343;21.02327919;34.95513
1407;52.20341237;21.02327601;28.312459999999998
1408;52.20346959;21.02327601;21.14911
1409;52.20346959;21.02327601;16.899430000000002
1410;52.20354589;21.02327601;16.86583
1411;52.20359039;21.02327601;19.98464
1412;52.20364761;21.02327601;23.86866
1413;52.20364761;21.02327601;27.49917
1414;52.20377477;21.0232633;30.5168
1415;52.20385742;21.02325694;33.08949
1416;52.20394007;21.0232474;35.50125
1417;52.20402908;21.02323151;37.62234
1418;52.20411809;21.02321243;39.18176
1419;52.20411809;21.02321243;40.57786
1420;52.20432154;21.02316475;41.89272
1421;52.20442963;21.02313932;42.810700000000004
1422;52.20442963;21.02313932;42.11812
1423;52.20463308;21.02309163;39.67199000000001
1424;52.20472844;21.02307256;36.401650000000004
1425;52.20481745;21.02304713;32.07543
1426;52.20490011;21.0230217;27.382369999999998
1427;52.20490011;21.0230217;23.32374
1428;52.20497004;21.0230058;19.65258
1429;52.20499547;21.02302806;16.48576
1430;52.20508448;21.02300898;13.62398
1431;52.20510991;21.02301534;10.970450000000001
1432;52.20515442;21.0230217;8.585209999999998
1433;52.20515442;21.0230217;6.3621500000000015
1434;52.20519257;21.0230217;3.97541
1435;52.20519257;21.02302806;1.9660200000000003
1436;52.20518621;21.02305031;0.0
1437;52.20519892;21.02304395;0.0
1438;52.20520528;21.02304713;0.0
1439;52.20522436;21.02304395;0.0
1440;52.20523071;21.02303759;0.0
1441;52.20524343;21.02303759;0.0
1442;52.20524979;21.02303759;0.0
1443;52.20524979;21.02303759;0.0
1444;52.20525614;21.02304395;0.0
1445;52.20525614;21.02305031;0.0
1446;52.20524979;21.02306302;0.0
1447;52.20525614;21.02305349;0.0
1448;52.20525614;21.02305349;0.0
1449;52.20525614;21.02305984;0.0
1450;52.20524979;21.02307574;0.0
1451;52.20524979;21.02307574;0.0
1452;52.20524979;21.0230821;0.0
1453;52.20524343;21.02308846;0.0
1454;52.20524343;21.02308846;0.0
1455;52.20524979;21.02309163;0.0
1456;52.20524979;21.02309481;0.0
1457;52.20524343;21.02310117;0.0
1458;52.20524343;21.02310117;0.0
1459;52.20524343;21.02311071;0.0
1460;52.20523071;21.02311707;0.0
1461;52.20523071;21.02311707;0.0
1462;52.20523071;21.02312342;0.28476
1463;52.20522436;21.02313614;6.070739999999999
1464;52.20524343;21.02314885;11.866180000000002
1465;52.20524343;21.02314885;16.761549999999996
1466;52.20531972;21.02312024;20.915889999999997
1467;52.20537694;21.02310435;24.67337
1468;52.20545324;21.02309163;28.217159999999996
1469;52.20551682;21.0230821;30.544939999999997
1470;52.20559947;21.0230662;31.598070000000007
1471;52.2056694;21.02305031;31.09101
1472;52.20575205;21.02302806;30.05740000000001
1473;52.20575205;21.02302806;27.830419999999997
1474;52.20589193;21.02298673;23.91437
1475;52.20594915;21.02296448;18.81273
1476;52.20598729;21.02295176;13.369299999999999
1477;52.20598729;21.02295176;7.92504
1478;52.2060318;21.0229454;4.209339999999999
1479;52.2060318;21.0229454;1.17069
1480;52.20603816;21.02294223;0.0
1481;52.20604451;21.02294223;0.0
1482;52.20604451;21.02294223;0.0
1483;52.20604451;21.02293587;0.0
1484;52.20604451;21.02293587;0.0
1485;52.20605723;21.02292951;0.0
1486;52.20605723;21.02292951;0.0
1487;52.20605723;21.02292951;0.0
1488;52.20605723;21.02292633;0.0
1489;52.20605723;21.02292633;0.0
1490;52.20606359;21.02292633;0.0
1491;52.20606359;21.02292633;0.0
1492;52.20606359;21.02292633;0.0
1493;52.20606359;21.02291997;0.0
1494;52.20606995;21.02291997;1.5773599999999999
1495;52.2060763;21.02291361;7.514889999999999
1496;52.20610174;21.02289136;12.504450000000002
1497;52.20610174;21.02289136;16.461560000000002
1498;52.20613352;21.02286911;20.57097
1499;52.20617803;21.02284368;24.491329999999998
1500;52.20629247;21.022796;28.06208
1501;52.20636241;21.02276738;31.087889999999994
1502;52.20636241;21.02276738;33.61019
1503;52.20652135;21.02270381;36.00865
1504;52.20652135;21.02270381;37.91065999999999
1505;52.20669937;21.02263069;39.593869999999995
1506;52.20678838;21.0225989;40.93882000000001
1507;52.20689011;21.02255122;41.18802000000001
1508;52.20689011;21.02255122;41.35639
1509;52.2070872;21.02246857;42.03412999999999
1510;52.2070872;21.02246857;42.94431
1511;52.20719528;21.0224177;43.070080000000004
1512;52.20739873;21.02231598;43.398999999999994
1513;52.20750046;21.02226512;44.31542
1514;52.2076149;21.02221743;45.318560000000005
1515;52.20772298;21.02217293;46.30722
1516;52.20783742;21.0221316;47.058020000000006
1517;52.20783742;21.0221316;47.7514
1518;52.20794551;21.0220871;48.41038
1519;52.20805359;21.02204895;48.21663
1520;52.20816803;21.02201398;47.630680000000005
1521;52.20840963;21.02191226;46.95607
1522;52.20851135;21.02187411;46.26388000000001
1523;52.20851135;21.02187411;45.62326
1524;52.20873388;21.02177238;44.951350000000005
1525;52.20873388;21.02177238;44.32478
1526;52.20894368;21.02169291;43.23647999999999
1527;52.20905177;21.02164841;42.22828
1528;52.20914714;21.0216039;41.80443
1529;52.20925522;21.02155622;41.34075
1530;52.20925522;21.02155622;40.96301999999999
1531;52.20935059;21.02151171;40.519279999999995
1532;52.20954768;21.02141953;39.51419
1533;52.20964305;21.02139091;38.590340000000005
1534;52.20964305;21.02139091;36.89812
1535;52.20982107;21.02132416;34.54732
1536;52.20990372;21.02129873;32.672290000000004
1537;52.20998637;21.02127647;31.255080000000003
1538;52.20998637;21.02127647;28.509740000000004
1539;52.21004995;21.0212574;24.6175
1540;52.21017075;21.02122243;19.646720000000002
1541;52.21017075;21.02122243;13.878710000000002
1542;52.21024704;21.02121607;8.109440000000001
1543;52.21024704;21.02121607;3.8039199999999993
1544;52.2102534;21.02121925;0.9175800000000001
1545;52.2102534;21.02121925;0.0
1546;52.21024704;21.02121607;0.0
1547;52.21024704;21.02121607;0.0
1548;52.21024068;21.02120336;0.0
1549;52.21024068;21.02120336;0.0
1550;52.21022797;21.021197;0.0
1551;52.21022797;21.021197;0.0
1552;52.21022797;21.02118746;0.0
1553;52.21022797;21.02117793;0.0
1554;52.21022797;21.02117793;0.0
1555;52.21022797;21.02117475;0.0
1556;52.21022797;21.02117475;0.0
1557;52.21022797;21.02116839;0.0
1558;52.21022797;21.02116839;2.11874
1559;52.21024704;21.02115568;6.63481
1560;52.21025976;21.02115568;8.00319
1561;52.21027883;21.02114296;7.950080000000002
1562;52.21027883;21.02114296;7.85004
1563;52.21031698;21.02111753;7.78599
1564;52.21034241;21.02111117;7.712940000000001
1565;52.21034241;21.02111117;7.619580000000001
1566;52.21038691;21.02109528;7.50278
1567;52.21039963;21.02108574;7.35942
1568;52.21042506;21.02108574;7.242610000000001
1569;52.21044413;21.02108256;7.10787
1570;52.21045685;21.0210762;6.95788
1571;52.21047592;21.02108574;6.81958
1572;52.21048864;21.02108574;6.704339999999999
1573;52.21050771;21.02108574;6.533620000000001
1574;52.21050771;21.02108574;6.37896
1575;52.2105395;21.02106031;6.26176
1576;52.21055222;21.02106667;6.094550000000002
1577;52.21055222;21.02106667;5.657430000000001
1578;52.21057765;21.02106667;4.916050000000001
1579;52.21060308;21.02104759;4.24337
1580;52.21060308;21.02104759;3.49805
1581;52.21062851;21.0210317;2.7007600000000003
1582;52.21063487;21.02102852;1.8366600000000002
1583;52.21064758;21.02102534;0.3328
1584;52.21064758;21.02102534;0.0
1585;52.21065394;21.02102534;0.0
1586;52.21065394;21.02102534;0.0
1587;52.2106603;21.02102534;0.0
1588;52.2106603;21.02102534;0.0
1589;52.2106603;21.0210317;0.0
1590;52.2106603;21.0210317;0.0
1591;52.21066666;21.02103806;0.0
1592;52.21066666;21.02104123;0.0
1593;52.21066666;21.02104123;0.0
1594;52.21066666;21.02104123;0.0
1595;52.21067937;21.02104441;0.0
1596;52.21067937;21.02104441;0.0
1597;52.21067937;21.02104441;0.0
1598;52.21067937;21.02104441;0.0
1599;52.21067937;21.02104441;0.0
1600;52.21068573;21.02104759;0.0
1601;52.21068573;21.02104759;0.0
1602;52.21068573;21.02104441;0.0
1603;52.21068573;21.02104441;0.0
1604;52.21069209;21.02104441;0.0
1605;52.21069209;21.02104441;0.0
1606;52.21069209;21.02104123;0.0
1607;52.21069209;21.02104123;0.0
1608;52.21069209;21.02104123;0.0
1609;52.21069209;21.02104123;0.0
1610;52.21069845;21.0210317;0.0
1611;52.21069845;21.02102852;0.0
1612;52.21069845;21.02102852;2.2652099999999997
1613;52.21072388;21.02101898;7.25941
1614;52.21072388;21.02101898;11.96268
1615;52.2107811;21.02099991;16.10489
1616;52.2107811;21.02099991;19.835
1617;52.2108256;21.02098083;23.22177
1618;52.21087011;21.02095858;25.59643
1619;52.21092733;21.02093633;27.39566
1620;52.21099726;21.02090772;28.674190000000003
1621;52.21105448;21.02087911;30.3625
1622;52.211188;21.02080917;32.75354
1623;52.211188;21.02080917;35.02622
1624;52.21126429;21.02077738;37.121959999999994
1625;52.21143595;21.02072016;38.69502
1626;52.21152496;21.02070427;40.171189999999996
1627;52.21152496;21.02070427;41.577859999999994
1628;52.21175385;21.02070745;42.18571
1629;52.21185557;21.02072334;41.97477
1630;52.21196365;21.02074242;41.78255
1631;52.21205902;21.02078056;41.3146
1632;52.21216075;21.02081235;40.882949999999994
1633;52.21226247;21.02084096;40.389590000000005
1634;52.21237055;21.02086322;39.40713
1635;52.21247864;21.02086957;36.932120000000005
1636;52.21257401;21.02087911;32.43007999999999
1637;52.21257401;21.02087911;27.309720000000006
1638;52.21272659;21.02089818;22.19872
1639;52.21280289;21.02090136;16.8553
1640;52.21284103;21.02089818;11.034899999999997
1641;52.21284739;21.02090772;6.02031
1642;52.21284739;21.02090772;3.0163799999999994
1643;52.21287282;21.02088547;0.79218
1644;52.21288554;21.02087275;0.0
1645;52.2128919;21.02085686;0.0
1646;52.2128919;21.02085368;0.0
1647;52.2128919;21.02085368;0.0
1648;52.21290461;21.02084414;0.0
1649;52.21290461;21.02084096;0.0
1650;52.21290461;21.0208346;0.0
1651;52.21290461;21.0208346;0.0
1652;52.21291733;21.02082825;2.03203
1653;52.21291733;21.02082825;8.62079
1654;52.21297455;21.02084096;13.53142
1655;52.21297455;21.02084096;17.912750000000003
1656;52.21307627;21.020895;21.62642
1657;52.21312714;21.02093633;24.4597
1658;52.21316528;21.0210158;27.36637
1659;52.21316528;21.0210158;30.016389999999994
1660;52.21325429;21.02117157;32.31018999999999
1661;52.21325429;21.02117157;34.26879
1662;52.21338781;21.02130508;35.86882
1663;52.21338781;21.02130508;37.09148999999999
1664;52.21353404;21.0214227;38.47237
1665;52.21353404;21.0214227;39.83958
1666;52.21361669;21.02147357;40.80794
1667;52.21379471;21.02157847;41.902480000000004
1668;52.21389008;21.02163887;43.747429999999994
1669;52.21397909;21.02170563;44.86385
1670;52.21408717;21.02176603;46.05215999999999
1671;52.21408717;21.02176603;47.1385
1672;52.21418254;21.02182961;47.9885
1673;52.21440506;21.02195994;48.8811
1674;52.21440506;21.02195994;49.681110000000004
1675;52.21451314;21.02203623;50.21315
1676;52.21473567;21.02217611;50.36314
1677;52.21486282;21.02224604;50.99401
1678;52.21486282;21.02224604;51.565509999999996
1679;52.21509806;21.02239545;52.04403
1680;52.21509806;21.02239545;52.47098
1681;52.2153333;21.02254168;52.79755
1682;52.2153333;21.02254168;53.14639000000001
1683;52.2155749;21.02268473;53.67411
1684;52.21570841;21.02275785;54.13154999999999
1685;52.21570841;21.02275785;54.544839999999986
1686;52.21582921;21.02283096;54.8058
1687;52.21595001;21.02290408;55.142520000000005
1688;52.21608353;21.02297719;55.63196000000001
1689;52.21621068;21.02305031;56.03588
1690;52.216465;21.02320608;56.288610000000006
1691;52.21659215;21.02327919;56.536260000000006
1692;52.21672567;21.02335548;57.07770000000001
1693;52.21685282;21.02343496;56.89525999999999
1694;52.21685282;21.02343496;56.44603000000001
1695;52.2169927;21.02350807;55.83234
1696;52.21725972;21.02363841;55.286260000000006
1697;52.21739324;21.02369881;54.651089999999996
1698;52.21739324;21.02369881;54.02451
1699;52.21762848;21.02388954;53.313190000000006
1700;52.21762848;21.02388954;52.295579999999994
1701;52.21783193;21.02411842;50.84088
1702;52.21783193;21.02411842;49.10649000000001
1703;52.21794637;21.02421061;46.62911
1704;52.21804174;21.0243028;44.31736
1705;52.21814982;21.02438227;42.00483
1706;52.21834056;21.02451261;39.538799999999995
1707;52.21842957;21.02456029;36.831329999999994
1708;52.21842957;21.02456029;33.0391
1709;52.21851222;21.02460798;28.23708
1710;52.21864573;21.02470016;23.450300000000006
1711;52.21864573;21.02470016;19.25689
1712;52.21873474;21.02476056;15.422850000000002
1713;52.21876017;21.02478282;11.04349
1714;52.21876017;21.02478282;7.43129
1715;52.21879832;21.02481778;4.44846
1716;52.21880468;21.02482414;2.64024
1717;52.21881739;21.0248305;0.0
1718;52.21882375;21.02483368;0.0
1719;52.21882375;21.02483368;0.0
1720;52.21883011;21.02483368;0.0
1721;52.21883647;21.02484004;0.0
1722;52.21884918;21.02484004;0.0
1723;52.21885554;21.02484639;0.0
1724;52.21885554;21.02484639;0.0
1725;52.2188619;21.02484957;0.0
1726;52.2188619;21.02484957;0.0
1727;52.2188619;21.02484957;0.0
1728;52.21887461;21.02485275;0.0
1729;52.21887461;21.02485275;0.0
1730;52.21888097;21.02485275;0.0
1731;52.21888097;21.02485275;0.0
1732;52.21888097;21.02485275;0.0
1733;52.21888097;21.02485275;0.0
1734;52.21888097;21.02485275;0.0
1735;52.21888097;21.02485911;0.0
1736;52.21888097;21.02485911;0.0
1737;52.21888733;21.02485911;0.0
1738;52.21889369;21.02486229;2.15702
1739;52.2189064;21.02487501;7.428960000000001
1740;52.2189064;21.02487501;12.349779999999999
1741;52.21891912;21.02488454;16.78263
1742;52.21897634;21.0249354;20.985039999999998
1743;52.2190272;21.02497037;25.09054
1744;52.21908442;21.02502124;28.528879999999997
1745;52.21914164;21.02508163;31.446499999999997
1746;52.21920522;21.02515157;32.37463
1747;52.2192688;21.02521515;32.06055
1748;52.2192688;21.02521515;31.66368
1749;52.21940867;21.0253137;31.105859999999996
1750;52.21948497;21.02532959;29.686310000000002
1751;52.21948497;21.02532959;26.714019999999998
1752;52.21954854;21.02532959;22.922949999999997
1753;52.21961212;21.02531687;19.4229
1754;52.21970113;21.02529144;16.16582
1755;52.21973292;21.02528191;11.85718
1756;52.21973292;21.02528191;7.5399
1757;52.21976471;21.02527237;4.32578
1758;52.21977743;21.02527555;2.06952
1759;52.21977743;21.02527237;0.0
1760;52.21977743;21.02527237;0.0
1761;52.21977743;21.02527237;0.0
1762;52.21976471;21.02527237;0.0
1763;52.21976471;21.02527237;0.0
1764;52.21975835;21.02527237;0.0
1765;52.21975835;21.02527237;0.0
1766;52.21975835;21.02527237;0.0
1767;52.21975199;21.02527237;0.0
1768;52.21975199;21.02527237;0.0
1769;52.21975199;21.02527237;0.0
1770;52.21975199;21.02527237;0.0
1771;52.21975199;21.02527555;0.0
1772;52.21975199;21.02527555;0.87029
1773;52.21975835;21.02527555;6.81096
1774;52.21975835;21.02527555;12.552119999999999
1775;52.21981557;21.02524376;17.264670000000002
1776;52.21985372;21.02522469;21.39481
1777;52.21990458;21.02520243;25.139
1778;52.21996816;21.02518336;28.62419
1779;52.22004445;21.02516429;31.520320000000005
1780;52.22011439;21.02514521;34.14264
1781;52.22011439;21.02514521;36.4028
1782;52.22028605;21.02510707;38.51572
1783;52.22028605;21.02510707;40.32318
1784;52.22047679;21.02504985;41.69114999999999
1785;52.22047679;21.02504985;42.90914
1786;52.22068024;21.0249958;44.07323
1787;52.22079468;21.02497037;45.19783
1788;52.2208964;21.02494812;46.15721
1789;52.22101084;21.02491951;47.14709
1790;52.22112528;21.0248909;48.077570000000016
1791;52.22123973;21.02486547;48.87368000000001
1792;52.22123973;21.02486547;49.65140000000001
1793;52.22147497;21.02480825;50.269400000000005
1794;52.22159576;21.02477646;50.504560000000005
1795;52.22159576;21.02477646;50.97097
1796;52.22172292;21.02474467;51.59285000000001
1797;52.22184372;21.0247097;52.10925000000001
1798;52.22209167;21.02464612;51.773309999999995
1799;52.22209167;21.02464612;51.38307
1800;52.22234599;21.02457619;50.97604
1801;52.22246679;21.0245444;50.28501000000001
1802;52.22259394;21.02451579;49.292440000000006
1803;52.22270203;21.02448718;47.15139
1804;52.22281647;21.02445857;43.295069999999996
1805;52.22292455;21.02443314;38.587990000000005
1806;52.22301356;21.02441088;33.254729999999995
1807;52.22309621;21.02438863;26.92535
1808;52.22315343;21.02437274;19.732680000000002
1809;52.22315343;21.02437274;13.36267
1810;52.22320429;21.02436002;8.722359999999998
1811;52.22324244;21.02435366;4.90392
1812;52.22324244;21.02435366;2.6015399999999995
1813;52.2232488;21.02435684;0.0
1814;52.22326152;21.02435366;0.0
1815;52.22326152;21.02435366;0.0
1816;52.22326152;21.02435684;0.0
1817;52.22326152;21.02435684;0.0
1818;52.22326152;21.02435684;0.0
1819;52.22326152;21.02435684;0.0
1820;52.22326152;21.02435684;0.0
1821;52.22326152;21.02435684;0.0
1822;52.22326152;21.02435684;2.1187499999999995
1823;52.22326152;21.02435684;8.39147
1824;52.22326787;21.02435366;13.452900000000003
1825;52.22333145;21.02433777;17.434589999999996
1826;52.22333145;21.02433777;19.4561
1827;52.2233696;21.02432505;19.52916
1828;52.22347132;21.02429644;19.18031
1829;52.22350947;21.02428055;18.37484
1830;52.22356033;21.02426783;17.53539
1831;52.22356033;21.02426783;16.54473
1832;52.22364299;21.02424876;14.774009999999999
1833;52.22367477;21.02423922;11.396609999999999
1834;52.22367477;21.02423922;7.893799999999997
1835;52.22371928;21.02422651;4.938289999999999
1836;52.22373199;21.02422651;2.8499799999999995
1837;52.22373199;21.02422651;1.2304599999999999
1838;52.22373835;21.02422651;0.0
1839;52.22373835;21.02422333;0.0
1840;52.22374471;21.02422333;0.0
1841;52.22374471;21.02422333;0.0
1842;52.22374471;21.02422015;0.0
1843;52.22374471;21.02422015;0.0
1844;52.22375743;21.02422015;0.0
1845;52.22375743;21.02422015;0.0
1846;52.22376378;21.02421379;0.0
1847;52.22376378;21.02421379;0.0
1848;52.22376378;21.02421379;0.0
1849;52.22376378;21.02421379;0.0
1850;52.22376378;21.02422015;0.0
1851;52.22376378;21.02422015;0.0
1852;52.22377014;21.02422015;2.2726599999999997
1853;52.22377014;21.02422015;9.628990000000002
1854;52.22381465;21.02420743;15.25997
1855;52.22381465;21.02420743;20.50653
1856;52.22390366;21.02417882;25.2304
1857;52.22396088;21.02416293;27.948020000000003
1858;52.22403081;21.02414703;29.505449999999996
1859;52.22409439;21.02412478;29.38201
1860;52.22409439;21.02412478;27.575349999999997
1861;52.22417068;21.02410889;25.15462
1862;52.22429148;21.0240771;23.614739999999998
1863;52.22429148;21.0240771;24.715540000000004
1864;52.22434235;21.0240612;28.07262
1865;52.22440592;21.02403895;31.4789
1866;52.22455215;21.02398173;34.61568
1867;52.22463481;21.02395948;37.48524
1868;52.22463481;21.02395948;39.95597
1869;52.22472382;21.02394358;41.940380000000005
1870;52.22492727;21.02390226;43.719699999999996
1871;52.22502263;21.02387683;45.34434
1872;52.22502263;21.02387683;46.85255
1873;52.22513072;21.02385775;48.042019999999994
1874;52.22534688;21.02381961;49.15648
1875;52.22547404;21.023791;50.07056
1876;52.22547404;21.023791;50.938930000000006
1877;52.225722;21.02372742;51.59207
1878;52.22584915;21.02369245;52.167089999999995
1879;52.22584915;21.02369245;52.810050000000004
1880;52.22598267;21.0236543;53.43077000000001
1881;52.22611618;21.02361615;53.4831
1882;52.22623698;21.02359072;53.00692
1883;52.22649765;21.02354622;52.509269999999994
1884;52.22649765;21.02354622;52.06863
1885;52.22673925;21.02349854;51.53229
1886;52.2268664;21.02346992;51.01978
1887;52.2269872;21.02345085;50.53736
1888;52.22711436;21.0234127;50.078759999999996
1889;52.2272288;21.02339363;49.46277
1890;52.2272288;21.02339363;48.97835
1891;52.22747676;21.02331416;47.694750000000006
1892;52.22758484;21.02328555;45.75762
1893;52.22758484;21.02328555;43.47751
1894;52.22780101;21.02323151;40.41498
1895;52.22789637;21.02320608;37.204789999999996
1896;52.22798538;21.02318382;33.58635
1897;52.22798538;21.02318382;29.845299999999998
1898;52.22806803;21.02316793;25.47612
1899;52.22818883;21.02314885;20.94676
1900;52.22818883;21.02314885;16.404899999999998
1901;52.22824605;21.02313614;10.903630000000001
1902;52.22830327;21.02312342;5.86761
1903;52.22830963;21.02312024;3.207
1904;52.22832235;21.02312024;0.0
1905;52.22832235;21.02312024;0.0
1906;52.22832235;21.02312342;0.0
1907;52.22832235;21.02312342;0.0
1908;52.22832235;21.02312342;0.0
1909;52.22832235;21.02312342;0.0
1910;52.22832235;21.02312978;0.0
1911;52.22832235;21.02312978;0.0
1912;52.22832235;21.02312978;0.0
1913;52.22830963;21.02312978;0.0
1914;52.22830963;21.02312978;0.0
1915;52.22830327;21.02313296;0.0
1916;52.22830327;21.02313296;0.0
1917;52.22830327;21.02313296;0.0
1918;52.22830327;21.02313296;2.45897
1919;52.22832235;21.02312978;9.48133
1920;52.22835414;21.02312024;14.897839999999997
1921;52.22839228;21.02310435;20.11236
1922;52.22839228;21.02310435;24.72768
1923;52.22844315;21.02307892;28.915999999999997
1924;52.22850037;21.02305349;32.305899999999994
1925;52.2286466;21.02298991;35.236000000000004
1926;52.22873561;21.02295176;37.90636
1927;52.22873561;21.02295176;40.28062
1928;52.22882462;21.02291997;42.53765
1929;52.22891998;21.02287865;44.54939
1930;52.22913615;21.02278646;46.41426
1931;52.22925059;21.02271016;48.43618
1932;52.22937139;21.02262115;50.04011
1933;52.22948583;21.02253532;50.034229999999994
1934;52.22960027;21.02244949;49.297129999999996
1935;52.22960027;21.02244949;48.251000000000005
1936;52.22983551;21.02229055;47.09087
1937;52.22983551;21.02229055;46.2416
1938;52.23003896;21.02212207;45.06033
1939;52.23014069;21.02203623;43.71347
1940;52.23014069;21.02203623;42.47867
1941;52.23033142;21.02187411;41.131780000000006
1942;52.23042043;21.02179782;39.86028
1943;52.23050944;21.02172152;38.64542000000001
1944;52.23059845;21.02164841;36.70008
1945;52.23068746;21.02157847;33.81761
1946;52.23076375;21.02150853;31.206670000000003
1947;52.23076375;21.02150853;29.650389999999998
1948;52.23089091;21.02140363;28.34685
1949;52.2309672;21.02136548;27.001119999999997
1950;52.23103078;21.02132416;25.27181
1951;52.231088;21.0212733;23.03193
1952;52.231088;21.0212733;20.03775
1953;52.23119609;21.02121925;16.70763
1954;52.23119609;21.02121925;13.32791
1955;52.23126602;21.02119064;10.260670000000001
1956;52.2312851;21.02118429;7.596900000000001
1957;52.2312851;21.02118429;5.72698
1958;52.23131688;21.02117475;4.31878
1959;52.23132324;21.02117475;3.0801000000000007
1960;52.2313296;21.02116203;2.18902
1961;52.2313296;21.02116203;0.6117000000000001
1962;52.23134232;21.02115885;0.0
1963;52.23134232;21.02115885;0.0
1964;52.23134232;21.02115885;0.0
1965;52.23134232;21.02115885;0.0
1966;52.23134867;21.02115568;0.0
1967;52.23134867;21.02115568;0.0
1968;52.23134867;21.02115568;0.0
1969;52.23134867;21.02114932;0.0
1970;52.23134867;21.02114614;0.0
1971;52.23134867;21.02114614;0.0
1972;52.23134867;21.02114614;0.0
1973;52.23135503;21.02114614;0.0
1974;52.23135503;21.02113978;0.0
1975;52.23135503;21.02113978;0.0
1976;52.23135503;21.02113978;0.0
1977;52.23135503;21.02113342;0.0
1978;52.23135503;21.02113342;0.0
1979;52.23136139;21.02113024;0.0
1980;52.23136139;21.02112707;0.0
1981;52.23136139;21.02112707;0.0
1982;52.23136139;21.02113024;0.0
1983;52.23136139;21.02113024;0.0
1984;52.23136139;21.02113342;0.0
1985;52.23136139;21.02113342;0.0
1986;52.2313741;21.02113978;0.0
1987;52.2313741;21.02113978;0.0
1988;52.23138046;21.02113978;0.0
1989;52.23138046;21.02114296;0.0
1990;52.23138046;21.02114296;0.0
1991;52.23138046;21.02114296;0.0
1992;52.23138046;21.02114296;0.0
1993;52.23138682;21.02114296;0.0
1994;52.23138682;21.02114614;0.0
1995;52.23138682;21.02114614;0.0
1996;52.23138682;21.02114614;0.0
1997;52.23138682;21.02114614;0.0
1998;52.23139954;21.02114614;0.0
1999;52.23140589;21.02114614;0.0
2000;52.23140589;21.02114614;0.0
2001;52.23141225;21.02114614;0.0
2002;52.23141225;21.02114614;0.0
2003;52.23141225;21.02114614;0.0
2004;52.23141225;21.02114614;0.0
2005;52.23141225;21.02114614;0.0
2006;52.23141861;21.02114614;0.0
2007;52.23141861;21.02114614;0.0
2008;52.23141861;21.02114296;0.0
2009;52.23141861;21.02114296;0.0
2010;52.23141861;21.02114296;0.0
2011;52.23143133;21.02113978;0.0
2012;52.23143133;21.02113978;0.0
2013;52.23143133;21.02113978;0.16015
2014;52.23143768;21.02113342;3.78906
2015;52.23143768;21.02113342;8.671919999999998
2016;52.23146947;21.02111435;12.76579
2017;52.23150126;21.02109845;15.220899999999997
2018;52.23153305;21.02108256;15.997859999999998
2019;52.23157756;21.02107302;16.747099999999996
2020;52.23157756;21.02107302;18.34554
2021;52.23166656;21.02107302;20.16237
2022;52.23166656;21.02107302;20.243609999999997
2023;52.23174922;21.02109528;19.04515
2024;52.23178736;21.02110481;17.994390000000003
2025;52.23178736;21.02110481;18.3264
2026;52.23187002;21.02111117;18.6057
2027;52.23187002;21.02111117;17.80452
2028;52.2319018;21.02109528;17.36702
2029;52.23197174;21.02103806;17.87913
2030;52.23199717;21.02098719;18.66782
2031;52.23204168;21.02092361;19.91628
2032;52.23207347;21.02084414;22.18855
2033;52.23210526;21.02076467;24.147960000000005
2034;52.23210526;21.02076467;25.202679999999997
2035;52.23211797;21.02067884;25.703069999999997
2036;52.2321434;21.02058665;25.89642
2037;52.23218791;21.02039909;25.66204
2038;52.23221334;21.02030373;25.15541
2039;52.23221334;21.02030373;26.053859999999997
2040;52.23230235;21.02016703;27.608160000000005
2041;52.23230235;21.02016703;29.856630000000006
2042;52.2324295;21.0200812;32.10080000000001
2043;52.2325058;21.02003988;33.96098
2044;52.2325058;21.02003988;35.446929999999995
2045;52.23265839;21.01994769;35.41567
2046;52.23265839;21.01994769;34.92231
2047;52.23281097;21.01985232;34.348479999999995
2048;52.23289363;21.01980464;33.75004
2049;52.23296992;21.01975377;32.20238
2050;52.23303986;21.01970927;29.903499999999998
2051;52.23311615;21.0196743;27.329649999999997
2052;52.23317337;21.01963298;25.01712
2053;52.23323059;21.01960119;21.63622
2054;52.2332751;21.0195694;17.22249
2055;52.2332751;21.0195694;11.66577
2056;52.23333232;21.01953443;6.407820000000001
2057;52.23333867;21.01952171;3.24846
2058;52.23335139;21.01951536;0.0
2059;52.23335139;21.01951536;0.0
2060;52.23333867;21.01951853;0.0
2061;52.23333867;21.01951853;0.0
2062;52.23333867;21.01951853;0.0
2063;52.23333867;21.01951218;0.0
2064;52.23333867;21.01950582;0.0
2065;52.23333867;21.01949946;0.0
2066;52.23333867;21.01949946;0.0
2067;52.23335139;21.01948992;0.0
2068;52.23333867;21.01948675;0.0
2069;52.23333867;21.01948675;0.0
2070;52.23335139;21.01947085;0.0
2071;52.23335139;21.01946767;0.0
2072;52.23335139;21.01945813;0.0
2073;52.23335139;21.01945813;0.0
2074;52.23335139;21.01945496;0.0
2075;52.23335139;21.0194486;0.0
2076;52.23335139;21.01944542;2.2925899999999997
2077;52.23336411;21.01943906;8.59032
2078;52.23338318;21.01942635;13.629070000000002
2079;52.23341497;21.01940091;17.91508
2080;52.23345311;21.0193723;21.91513
2081;52.23350398;21.01934052;25.66478
2082;52.2335612;21.01930873;29.17888
2083;52.23362478;21.01927376;31.974650000000004
2084;52.23362478;21.01927376;34.403169999999996
2085;52.23376465;21.01919429;36.52274
2086;52.23376465;21.01919429;38.40948
2087;52.23394267;21.01908302;39.941140000000004
2088;52.23403168;21.01903216;41.14114
2089;52.2341334;21.01897812;41.77984
2090;52.2341334;21.01897812;42.39429
2091;52.23422877;21.01892408;43.26462
2092;52.23442586;21.01883825;44.07673
2093;52.23452123;21.01879056;44.898630000000004
2094;52.23452123;21.01879056;44.9166
2095;52.23462931;21.01874288;44.55838
2096;52.23483912;21.01864751;44.21542
2097;52.23493449;21.01861254;43.82088
2098;52.23503621;21.01857122;43.4408
2099;52.23513158;21.01853943;42.99821000000001
2100;52.23522695;21.01850446;42.214209999999994
2101;52.23522695;21.01850446;41.10483
2102;52.23542404;21.01844088;38.88644
2103;52.23542404;21.01844088;36.01296000000001
2104;52.23560206;21.01838048;31.56409
2105;52.23567835;21.01835187;25.940980000000003
2106;52.23573558;21.01832962;20.72642
2107;52.23577372;21.01832962;15.40371
2108;52.23577372;21.01832962;10.19933
2109;52.23580551;21.01832644;5.706670000000001
2110;52.23583094;21.01831373;3.1531299999999995
2111;52.2358373;21.01829783;0.29961000000000004
2112;52.23585002;21.01828512;0.0
2113;52.23585002;21.01827876;0.0
2114;52.23585002;21.01827876;0.0
2115;52.23585637;21.0182724;0.0
2116;52.23585637;21.01826604;0.0
2117;52.23586273;21.01825651;0.0
2118;52.23586273;21.01825015;0.0
2119;52.23586273;21.01825015;0.0
2120;52.23587545;21.01824061;0.0
2121;52.23588181;21.01824061;0.29453
2122;52.23588181;21.01824061;5.3359499999999995
2123;52.23591359;21.01822472;10.32316
2124;52.23591359;21.01822472;14.411110000000003
2125;52.23597717;21.01819928;17.942409999999995
2126;52.23602168;21.01818339;20.71278
2127;52.23602168;21.01818339;23.17373
2128;52.23606618;21.0181675;24.947200000000002
2129;52.23618062;21.01813571;26.4851
2130;52.23618062;21.01813571;26.63707
2131;52.2362442;21.01812299;26.000329999999998
2132;52.23637772;21.01808802;25.017509999999998
2133;52.23643494;21.01806895;23.25694
2134;52.23643494;21.01806895;21.04284
2135;52.2365303;21.01804988;17.693980000000003
2136;52.23657481;21.0180467;13.120469999999997
2137;52.23659388;21.01803716;9.185640000000003
2138;52.23659388;21.01803716;5.67736
2139;52.23663203;21.01803398;3.32345
2140;52.23663203;21.01803398;0.8754000000000002
2141;52.23663203;21.01803398;0.0
2142;52.23663203;21.01803398;0.0
2143;52.23663203;21.01803398;0.0
2144;52.23663203;21.0180308;0.0
2145;52.23663203;21.0180308;0.0
2146;52.23663203;21.01803398;0.0
2147;52.23663203;21.01803398;0.0
2148;52.23663203;21.01803398;0.0
2149;52.23663203;21.01803398;0.0
2150;52.23663203;21.01803716;0.0
2151;52.23663203;21.01803716;0.0
2152;52.23661931;21.01804352;0.0
2153;52.23661931;21.01804352;0.0
2154;52.23661931;21.0180467;1.3050799999999998
2155;52.23663203;21.01804352;6.27776
2156;52.23663203;21.01804352;10.26652
2157;52.23667653;21.0180467;13.88066
2158;52.23670197;21.01804352;17.140459999999997
2159;52.23673375;21.01803716;20.0233
2160;52.23673375;21.01803716;22.30575
2161;52.23684184;21.01800219;24.18272
2162;52.23684184;21.01800219;25.02494
2163;52.23689906;21.01798948;24.781950000000002
2164;52.23695628;21.01797676;24.53469
2165;52.23707072;21.01794497;25.64799
2166;52.23711522;21.01793226;27.293710000000004
2167;52.23718516;21.01791636;28.418309999999998
2168;52.23724874;21.01789411;28.81444000000001
2169;52.23724874;21.01789411;28.48162
2170;52.23731867;21.01788457;27.824969999999997
2171;52.23738861;21.0178655;27.087059999999997
2172;52.23752213;21.01783053;25.930799999999998
2173;52.23752213;21.01783053;25.22374
2174;52.23765564;21.01779238;25.203049999999998
2175;52.23765564;21.01779238;24.741329999999998
2176;52.23775101;21.01777649;24.45149
2177;52.23780187;21.01777649;24.66126
2178;52.23780187;21.01777649;24.443279999999994
2179;52.23791631;21.01775742;24.734679999999997
2180;52.23791631;21.01775742;25.186649999999997
2181;52.23801804;21.01775742;25.725720000000003
2182;52.23808797;21.01774152;26.05815
2183;52.23815155;21.01773198;26.153460000000003
2184;52.23821513;21.01771927;26.58315
2185;52.23827871;21.01771291;26.921439999999997
2186;52.23827871;21.01771291;27.044100000000004
2187;52.23839315;21.01770973;27.38864
2188;52.23839315;21.01770973;28.132009999999998
2189;52.23852666;21.01768112;28.93318
2190;52.23852666;21.01768112;29.47616
2191;52.23866653;21.01762708;29.3199
2192;52.23874283;21.01758575;29.011679999999995
2193;52.23881912;21.01754125;28.083959999999998
2194;52.23881912;21.01754125;26.366750000000007
2195;52.23897171;21.01745224;23.816709999999997
2196;52.23897171;21.01745224;20.182290000000002
2197;52.23903529;21.01741091;16.683020000000003
2198;52.23913066;21.01735687;13.396259999999998
2199;52.23916245;21.01733462;9.67081
2200;52.23916245;21.01733462;5.521880000000001
2201;52.23919423;21.01730919;2.7367
2202;52.23920059;21.01730601;0.8261499999999999
2203;52.23920059;21.01730601;0.0
2204;52.23920695;21.01729647;0.0
2205;52.23921967;21.01729329;0.0
2206;52.23921967;21.01729329;0.0
2207;52.23922602;21.01728376;0.0
2208;52.23922602;21.0172774;0.0
2209;52.23922602;21.01727422;0.0
2210;52.23922602;21.01727422;0.0
2211;52.23923874;21.01726468;0.0
2212;52.23923874;21.01726468;0.0
2213;52.23923874;21.01725515;0.0
2214;52.23923874;21.01725197;0.0
2215;52.23925145;21.01725197;0.0
2216;52.23925145;21.01725197;0.0
2217;52.23925781;21.01724561;0.0
2218;52.23925781;21.01724561;0.0
2219;52.23925781;21.01724561;0.0
2220;52.23926417;21.01723607;3.3367400000000003
2221;52.23927689;21.01722972;8.850460000000002
2222;52.2392896;21.01720746;12.90916
2223;52.23933411;21.01717885;16.35449
2224;52.2393659;21.01714706;19.51236
2225;52.2394104;21.01710256;22.62764
2226;52.2394104;21.01710256;25.19759
2227;52.23946126;21.01706123;27.625760000000003
2228;52.23951848;21.01702627;29.627719999999993
2229;52.23958842;21.01698494;30.655070000000002
2230;52.23972829;21.01690229;31.421490000000006
2231;52.23972829;21.01690229;32.42384
2232;52.23987452;21.01681646;33.35589
2233;52.23987452;21.01681646;33.62542
2234;52.23995717;21.01676877;34.1895
2235;52.24003347;21.01672427;34.927800000000005
2236;52.24019241;21.0166289;35.4149
2237;52.24028142;21.0165844;35.73092
2238;52.24028142;21.0165844;36.03445
2239;52.24036407;21.01653353;36.23209999999999
2240;52.24053574;21.01643181;35.95125
2241;52.24061839;21.01637777;35.62468
2242;52.24070104;21.01632373;35.21296
2243;52.24070104;21.01632373;34.89694
2244;52.24086634;21.01622836;34.2516
2245;52.24094899;21.01619339;33.569959999999995
2246;52.24094899;21.01619339;32.812529999999995
2247;52.24110794;21.01612663;31.447269999999996
2248;52.24116516;21.01609802;28.979270000000003
2249;52.24122874;21.0160567;25.82065
2250;52.24122874;21.0160567;21.57645
2251;52.24131775;21.0159963;16.29082
2252;52.24131775;21.0159963;10.79622
2253;52.24134954;21.01597404;6.000449999999999
2254;52.24138133;21.01595497;2.9601399999999995
2255;52.24138133;21.01594543;0.5531200000000001
2256;52.24138133;21.01593908;0.0
2257;52.24138133;21.01593908;0.0
2258;52.24138133;21.01592636;0.0
2259;52.24138133;21.01591682;0.0
2260;52.24138133;21.01591682;0.0
2261;52.24138133;21.01590729;0.0
2262;52.24138769;21.01590093;0.0
2263;52.24138769;21.01590093;0.0
2264;52.24138769;21.01589457;0.0
2265;52.24138769;21.01588504;0.0
2266;52.24140676;21.01586914;6.201180000000001
2267;52.24140676;21.01586914;12.204060000000002
2268;52.24145762;21.01581192;16.898649999999996
2269;52.24151484;21.01575788;20.735030000000002
2270;52.24155299;21.01571337;23.638959999999997
2271;52.24155299;21.01571337;25.833149999999996
2272;52.24166107;21.01563708;27.81716
2273;52.24171829;21.01559258;30.269150000000003
2274;52.24171829;21.01559258;32.03321
2275;52.24178187;21.01555125;33.654340000000005
2276;52.24193446;21.01545906;34.88521
2277;52.24193446;21.01545906;35.83641
2278;52.24208705;21.01535098;36.90869
2279;52.2421697;21.01529694;37.587199999999996
2280;52.2421697;21.01529694;38.30752
2281;52.24234136;21.01518567;38.74463
2282;52.24243673;21.01513163;39.031760000000006
2283;52.24253209;21.01508395;39.59658
2284;52.2426211;21.01502991;39.93568
2285;52.2426211;21.01502991;40.42706
2286;52.24279912;21.01489957;40.948570000000004
2287;52.24279912;21.01489957;41.43922
2288;52.2429835;21.01476288;41.744279999999996
2289;52.24307251;21.01468976;41.96539
2290;52.24317424;21.01461983;42.31616
2291;52.24317424;21.01461983;42.79
2292;52.24336497;21.01449903;43.17907
2293;52.2434667;21.01444817;42.98806
2294;52.24356842;21.01440366;42.12123
2295;52.24367015;21.01435916;41.76694
2296;52.24375916;21.01431465;41.296640000000004
2297;52.24385452;21.01427015;40.6306
2298;52.24385452;21.01427015;39.87316
2299;52.24403254;21.01420339;39.18801
2300;52.24403254;21.01420339;38.69617999999999
2301;52.24413427;21.01418432;37.47314
2302;52.24431229;21.01417796;34.92506
2303;52.24431229;21.01417796;31.947660000000003
2304;52.24447123;21.01415253;28.549600000000005
2305;52.24454117;21.01413981;24.792899999999996
2306;52.24459839;21.0141271;20.13738
2307;52.24464289;21.01412074;14.543149999999997
2308;52.24464289;21.01412074;8.901259999999997
2309;52.24469376;21.01410802;4.75315
2310;52.24470011;21.01410802;2.2952600000000003
2311;52.24469376;21.01410802;0.4203
2312;52.24469376;21.01410802;0.0
2313;52.2446874;21.01411438;0.0
2314;52.2446874;21.01411438;0.0
2315;52.24467468;21.01411438;0.0
2316;52.24467468;21.01412074;0.0
2317;52.24467468;21.01412074;0.0
2318;52.24466832;21.01411438;0.0
2319;52.24466197;21.01412074;0.0
2320;52.24466197;21.01412074;0.0
2321;52.24466197;21.01412074;0.0
2322;52.24466197;21.01412074;0.0
2323;52.24465561;21.01412074;1.3620999999999999
2324;52.24465561;21.01412074;8.38363
2325;52.24466197;21.01412392;13.34118
2326;52.24469376;21.01411438;17.529930000000004
2327;52.24472555;21.01410166;21.29363
2328;52.24482727;21.01406988;24.46047
2329;52.24482727;21.01406988;25.767509999999998
2330;52.24487813;21.01405398;28.148789999999998
2331;52.24501165;21.01401901;30.446859999999997
2332;52.2450943;21.0139904;32.259
2333;52.2450943;21.0139904;33.86411
2334;52.24524689;21.01392682;34.837149999999994
2335;52.24524689;21.01392682;35.52937
2336;52.24532954;21.01389503;36.09773
2337;52.2455012;21.0138251;35.99383999999999
2338;52.2455012;21.0138251;35.39069
2339;52.24567286;21.0137647;33.31841
2340;52.24567286;21.0137647;30.471079999999994
2341;52.24574916;21.01373609;27.159340000000004
2342;52.24581909;21.01371384;23.97258
2343;52.24588903;21.01368523;21.235809999999997
2344;52.24593989;21.01364708;18.749850000000002
2345;52.24603526;21.01351039;18.077180000000002
2346;52.24606705;21.01344363;16.9764
2347;52.24608612;21.01338005;17.5717
2348;52.24608612;21.01338005;20.146359999999998
2349;52.24609248;21.01330694;22.321370000000005
2350;52.24611155;21.0131321;22.2288
2351;52.24612427;21.01303991;21.484659999999998
2352;52.24613698;21.01295726;20.699869999999997
2353;52.24613698;21.01295726;19.891280000000002
2354;52.24614334;21.0128746;18.420539999999995
2355;52.24616877;21.01272519;15.368169999999997
2356;52.24616877;21.01272519;11.363800000000003
2357;52.24620056;21.01263301;7.48052
2358;52.24620056;21.01263301;4.49104
2359;52.24620692;21.01260122;2.7030999999999996
2360;52.24620692;21.01260122;0.27031
2361;52.24620692;21.01259486;0.0
2362;52.24620692;21.01259486;0.0
2363;52.24620692;21.01258532;0.0
2364;52.24620056;21.01257579;0.0
2365;52.24620056;21.01257579;0.0
2366;52.2461942;21.01255671;0.0
2367;52.2461942;21.01255035;1.5984399999999999
2368;52.2461942;21.01255035;6.806279999999999
2369;52.2461942;21.01253764;9.661420000000003
2370;52.24621328;21.01248042;10.32671
2371;52.24623235;21.01244227;9.715300000000001
2372;52.24623871;21.01241048;8.910219999999999
2373;52.24623871;21.01241048;8.01061
2374;52.24625142;21.01235008;6.34534
2375;52.24625142;21.01235008;3.9043099999999997
2376;52.24625778;21.01232783;1.9007999999999998
2377;52.24625778;21.01232147;0.0
2378;52.24625778;21.01232147;0.0
2379;52.24626414;21.01231829;0.0
2380;52.24626414;21.01231829;0.0
2381;52.24626414;21.01231829;0.0
2382;52.24626414;21.01231829;0.0
2383;52.24626414;21.01231829;0.0
2384;52.2462705;21.01231829;0.0
2385;52.2462705;21.01231829;0.0
2386;52.24628321;21.01231829;0.0
2387;52.24628321;21.01232147;0.0
2388;52.24628321;21.01232147;0.0
2389;52.24628321;21.01232147;0.0
2390;52.24628957;21.01232147;0.0
2391;52.24628957;21.01232147;0.0
2392;52.24628957;21.01232147;0.0
2393;52.24628957;21.01232147;0.0
2394;52.24628321;21.01232147;0.0
2395;52.24628957;21.01232147;0.0
2396;52.24628957;21.01232147;0.0
2397;52.24628957;21.01232147;0.0
2398;52.24628957;21.01231829;0.0
2399;52.24628957;21.01231194;0.0
2400;52.24628957;21.01231194;0.0
2401;52.24628957;21.01231194;0.0
2402;52.24628957;21.01231194;0.0
2403;52.24628957;21.01231194;0.0
2404;52.24629593;21.01231194;0.0
2405;52.24629593;21.01230558;0.0
2406;52.24629593;21.01230558;0.0
2407;52.24629593;21.01230558;0.0
2408;52.24629593;21.01230558;0.0
2409;52.24628957;21.01229604;0.8742000000000001
2410;52.24628957;21.01229604;2.9839800000000003
2411;52.24628957;21.01226107;7.34067
2412;52.2462705;21.0122261;10.53567
2413;52.24625142;21.01218796;13.442759999999998
2414;52.24621328;21.01214981;15.3041
2415;52.24621328;21.01214981;15.357240000000001
2416;52.2461497;21.01210213;14.986930000000001
2417;52.24613698;21.01206398;15.54083
2418;52.24611155;21.01202265;15.756049999999998
2419;52.24611155;21.01202265;15.98458
2420;52.24604797;21.0119559;15.5459
2421;52.24600983;21.01192729;14.38495
2422;52.24599075;21.01189232;12.727120000000001
2423;52.24596532;21.01187007;10.27941
2424;52.24596532;21.01187007;8.17779
2425;52.24594625;21.01184781;7.05707
2426;52.24591446;21.01182556;6.557839999999999
2427;52.24591446;21.01182556;6.10548
2428;52.24589539;21.01180967;5.697279999999998
2429;52.24587631;21.01178741;7.082469999999999
2430;52.2458636;21.01177152;9.43289
2431;52.2458636;21.01177152;10.957159999999998
2432;52.24582545;21.01172384;12.57828
2433;52.24580002;21.01169523;14.983010000000002
2434;52.2457873;21.0116539;17.01505
2435;52.24576823;21.0116094;18.456470000000003
2436;52.24576823;21.0116094;19.171720000000004
2437;52.24573644;21.01151085;20.06823
2438;52.24573644;21.01151085;20.312359999999998
2439;52.24571101;21.01139323;22.00809
2440;52.24571101;21.01139323;24.70188
2441;52.24568558;21.01133283;26.90231
2442;52.24568558;21.01125336;28.11598
2443;52.24564107;21.01111666;28.47498
2444;52.24559657;21.01105626;25.4593
2445;52.24548848;21.01104991;20.089309999999998
2446;52.24544398;21.01101494;15.055280000000002
2447;52.24544398;21.01101494;10.71849
2448;52.24529775;21.01103401;7.197720000000001
2449;52.24529775;21.01103401;4.52501
2450;52.24513245;21.01110077;2.3652300000000004
2451;52.24503708;21.01116435;0.0
2452;52.24503708;21.01116435;0.0
2453;52.24498622;21.0111866;0.0
2454;52.2449735;21.01118978;0.0
2455;52.24496078;21.01119296;0.0
2456;52.24496078;21.01118978;0.0
2457;52.24496078;21.01118978;0.0
2458;52.24496078;21.0111866;0.0
2459;52.24496078;21.01118024;0.0
2460;52.2449735;21.01117071;0.0
2461;52.2449735;21.01116117;0.0
2462;52.2449735;21.01115799;0.0
2463;52.2449735;21.01115163;0.0
2464;52.2449735;21.01115163;0.0
2465;52.2449735;21.01114845;0.0
2466;52.24497986;21.01114209;0.0
2467;52.2449735;21.01113574;0.0
2468;52.2449735;21.01112938;0.0
2469;52.2449735;21.0111262;0.0
2470;52.2449735;21.0111262;0.0
2471;52.24496078;21.01111666;0.0
2472;52.24495443;21.01111348;3.9566500000000007
2473;52.24494807;21.01110077;10.228639999999999
2474;52.24492264;21.01107216;15.262710000000002
2475;52.24489721;21.01103083;19.65571
2476;52.24489721;21.01103083;23.31164
2477;52.2448082;21.01093229;26.30854
2478;52.24477641;21.01084646;28.870680000000004
2479;52.24474462;21.01074473;31.28557
2480;52.24474462;21.01074473;33.38011999999999
2481;52.24465561;21.01053492;35.10632
2482;52.24465561;21.01053492;36.831320000000005
2483;52.24460475;21.01041412;38.20945999999999
2484;52.24450938;21.01015663;39.0794
2485;52.24445216;21.0100263;39.428250000000006
2486;52.2444013;21.00989596;38.99777
2487;52.24435043;21.00976563;38.24813999999999
2488;52.24429321;21.00963847;37.016890000000004
2489;52.24424871;21.00951449;35.70045
2490;52.2442042;21.00938733;34.03716
2491;52.2442042;21.00938733;30.27187
2492;52.24416606;21.00926654;25.177289999999996
2493;52.24410248;21.00908216;21.522139999999997
2494;52.24405797;21.00901222;16.397090000000002
2495;52.24405797;21.00901222;10.45872
2496;52.24403254;21.00893275;5.454330000000001
2497;52.24404526;21.00891368;2.8250400000000004
2498;52.24404526;21.00891368;0.0
2499;52.24404526;21.00890732;0.0
2500;52.24405162;21.00890414;0.0
2501;52.24405162;21.00890414;0.0
2502;52.24405162;21.00889778;0.0
2503;52.24405797;21.0088946;0.0
2504;52.24405797;21.0088946;0.0
2505;52.24405797;21.00889142;0.0
2506;52.24405797;21.00889142;0.0
2507;52.24405797;21.00889142;0.5711
2508;52.24405797;21.00888824;6.3067
2509;52.24403254;21.0088501;11.84428
2510;52.24403254;21.0088501;16.76077
2511;52.24397532;21.00876745;20.95847
2512;52.24397532;21.00876745;24.54758
2513;52.24389903;21.00863075;27.69957
2514;52.24389903;21.00863075;29.918349999999997
2515;52.24382273;21.00842412;31.700409999999994
2516;52.24381002;21.00830015;32.164480000000005
2517;52.2437973;21.00817617;31.502759999999995
2518;52.24379094;21.00805219;30.43243
2519;52.24381002;21.00793139;30.067950000000003
2520;52.24381002;21.00793139;30.73359
2521;52.24379094;21.00768979;31.740260000000006
2522;52.24377187;21.007569;33.000029999999995
2523;52.24377187;21.007569;34.4653
2524;52.24370193;21.00733376;36.032489999999996
2525;52.24370193;21.00733376;37.13526
2526;52.24361293;21.00708262;37.668459999999996
2527;52.24356842;21.00695546;37.611039999999996
2528;52.24352392;21.00681877;38.192660000000004
2529;52.24347305;21.00668844;39.46535999999999
2530;52.24342219;21.00655174;40.68410999999999
2531;52.24337769;21.00640551;41.71381
2532;52.24332682;21.00626246;42.66695
2533;52.2432696;21.00611305;43.425560000000004
2534;52.2432696;21.00611305;43.778279999999995
2535;52.24315516;21.00581106;43.31308
2536;52.24309794;21.00565847;42.27359
2537;52.24309794;21.00565847;40.873569999999994
2538;52.24300257;21.00537872;37.594229999999996
2539;52.24295807;21.00524839;33.52035000000001
2540;52.24295807;21.00524839;33.03442
2541;52.24292628;21.00512441;34.23598
2542;52.24286906;21.00485738;35.78523
2543;52.24286906;21.00485738;36.39812
2544;52.24284363;21.00457764;35.99851
2545;52.24284363;21.00457764;35.25435999999999
2546;52.24282455;21.00443776;34.750449999999994
2547;52.24274826;21.00419617;33.667609999999996
2548;52.24274826;21.00419617;31.733240000000002
2549;52.24267832;21.00398;28.336289999999998
2550;52.24263382;21.00389099;23.07609
2551;52.24260839;21.00381788;17.40727
2552;52.24260839;21.00381788;11.729830000000002
2553;52.24258931;21.00373205;6.7211300000000005
2554;52.2425766;21.00371615;3.7187600000000005
2555;52.2425766;21.00371615;6.91802
2556;52.24255117;21.00367165;11.497789999999998
2557;52.24253845;21.00363032;13.75994
2558;52.24253209;21.0035731;14.661499999999998
2559;52.24253209;21.00350634;15.70723
2560;52.24254481;21.00344276;17.748279999999998
2561;52.24254481;21.00344276;21.39246
2562;52.24264018;21.0033315;25.6683
2563;52.24269104;21.00326792;29.743350000000003
2564;52.24269104;21.00326792;32.743790000000004
2565;52.24281184;21.0031058;35.184439999999995
2566;52.24288177;21.00301361;36.88017
2567;52.24294535;21.00291824;38.167680000000004
2568;52.24301529;21.0028197;38.87939
2569;52.24308523;21.00271479;38.53682
2570;52.24308523;21.00271479;38.1997
2571;52.24321874;21.00251452;37.78603
2572;52.24329503;21.00242233;37.43758999999999
2573;52.24336497;21.00232697;36.89501
2574;52.24344126;21.00223478;34.788349999999994
2575;52.24344126;21.00223478;30.465629999999997
2576;52.24350484;21.00215213;25.196800000000003
2577;52.24361293;21.00202497;19.89633
2578;52.24364471;21.00198046;14.04822
2579;52.24364471;21.00198046;8.759059999999998
2580;52.24368286;21.00193596;4.61881
2581;52.24368286;21.0019296;2.15548
2582;52.24368286;21.00192324;0.19336
2583;52.24368286;21.00192006;0.0
2584;52.24368286;21.00191689;0.0
2585;52.24368286;21.00191371;0.0
2586;52.24368286;21.00191371;0.0
2587;52.24368286;21.00190735;0.0
2588;52.24369558;21.00190099;0.0
2589;52.24369558;21.00189463;0.0
2590;52.24369558;21.00189463;0.0
2591;52.24369558;21.00189145;0.0
2592;52.24369558;21.00189145;6.075799999999999
2593;52.24370193;21.00187556;10.957539999999998
2594;52.24371465;21.00185013;14.80685
2595;52.24373372;21.00181834;15.920520000000002
2596;52.24375916;21.00177701;15.765049999999999
2597;52.24381638;21.00168482;15.61857
2598;52.24381638;21.00168482;15.457239999999999
2599;52.24384816;21.0016435;14.918559999999996
2600;52.24390539;21.00155767;13.880239999999997
2601;52.24390539;21.00155767;12.116579999999999
2602;52.24394353;21.00149409;8.92897
2603;52.24396261;21.00147184;5.6703399999999995
2604;52.24396896;21.0014623;3.3710999999999998
2605;52.24396896;21.00145276;1.3867
2606;52.24396896;21.00144323;0.0
2607;52.24396261;21.00144005;0.0
2608;52.24396261;21.00144005;0.0
2609;52.24395625;21.00143369;0.0
2610;52.24395625;21.00143369;0.0
2611;52.24395625;21.00142733;0.0
2612;52.24395625;21.00142733;0.0
2613;52.24395625;21.00143369;0.0
2614;52.24395625;21.00143369;0.0
2615;52.24395625;21.00143687;0.0
2616;52.24395625;21.00143687;0.0
2617;52.24395625;21.00143687;0.0
2618;52.24395625;21.00143369;0.0
2619;52.24395625;21.00143369;0.0
2620;52.24396261;21.00143369;0.0
2621;52.24396261;21.00143369;0.0
2622;52.24396261;21.00143369;0.0
2623;52.24396896;21.00143369;0.0
2624;52.24396896;21.00143369;0.0
2625;52.24396896;21.00143369;0.0
2626;52.24396896;21.00143369;0.0
2627;52.24397532;21.00142415;0.0
2628;52.24397532;21.00142097;0.95508
2629;52.24397532;21.00142097;7.869200000000001
2630;52.24401347;21.00138601;13.367350000000002
2631;52.24401347;21.00138601;16.991239999999998
2632;52.2440834;21.00132561;18.17446
2633;52.2440834;21.00132561;17.282649999999997
2634;52.24414698;21.00126839;15.66114
2635;52.24419785;21.00127474;15.688879999999997
2636;52.24419785;21.00127474;17.10452
2637;52.24423599;21.00128428;18.40571
2638;52.24431229;21.00140508;21.07215
2639;52.24431229;21.00140508;25.351499999999998
2640;52.24436951;21.00163078;29.59373
2641;52.24439494;21.00175476;32.828140000000005
2642;52.24442673;21.00187874;35.160219999999995
2643;52.24442673;21.00187874;36.21803
2644;52.24449666;21.00215213;36.07975
2645;52.24454117;21.00229518;35.67037
2646;52.24454117;21.00229518;35.40239
2647;52.2446111;21.00256856;35.132490000000004
2648;52.24463654;21.00270208;34.39184
2649;52.24466832;21.00283241;32.91331
2650;52.24466832;21.00283241;30.73789
2651;52.24470011;21.00295321;28.64921
2652;52.24477641;21.00316302;26.646049999999995
2653;52.24480184;21.00325839;24.4054
2654;52.24482727;21.00334422;21.483870000000003
2655;52.24483999;21.00342051;18.04788
2656;52.24483999;21.00342051;14.65801
2657;52.24485906;21.00348727;10.50362
2658;52.24486542;21.00353495;6.371520000000001
